 sndrD1_g12              1   1    0.950    0.000    2.000   10.000    0.000      1     -1     -1
 sndrD1_g12              2   1    0.820    0.000    2.000   10.000    0.000      1     -1     -1
 sndrD1_g12              3   1    0.500    0.000    2.000   10.000    0.000      1     -1     -1
 sndrD1_g12              4   1    0.500    0.000    2.000   10.000    0.000      1     -1     -1
 sndrD1_g12              5   1    0.450    0.000    2.000   10.000    0.000      1     -1     -1
 sndrD1_g12              6   1    0.500    0.000    2.000   10.000    0.000      1     -1     -1
 sndrD1_g12              7   1    0.500    0.000    2.500   10.000    0.000      1     -1     -1
 sndrD1_g12              8   1    0.500    0.000    3.000   10.000    0.000      1     -1     -1
 sndrD1_g12              9   1    0.600    0.000    3.500   10.000    0.000      1     -1     -1
 sndrD1_g12             10   1    0.950    0.000    2.500   10.000    0.000      1     -1     -1
 sndrD1_g12             11   1    1.300    0.000    3.500   10.000    0.000      1     -1     -1
 sndrD1_g12             12   1    1.800    0.000    4.500   10.000    0.000      1     -1     -1
 sndrD1_g12             13   1    0.300    0.000    2.000   10.000    0.000      1     -1     -1
 sndrD1_g12             14   1    0.250    0.000    2.000   10.000    0.000      1     -1     -1
 sndrD1_g12             15   1    1.300    0.000    3.500   10.000    0.000      1     -1     -1
 sndrD1_g12             16  -1    0.800    0.000    2.500   10.000    0.000     -1     -1     -1
 sndrD1_g12             17  -1    1.300    0.000    4.500   10.000    0.000     -1     -1     -1
 sndrD1_g12             18  -1    1.000    0.000    4.500   10.000    0.000     -1     -1     -1
 sndrD2_g12              1   1    0.950    0.000    2.000   10.000    0.000      1     -1     -1
 sndrD2_g12              2   1    0.820    0.000    2.000   10.000    0.000      1     -1     -1
 sndrD2_g12              3   1    0.500    0.000    2.000   10.000    0.000      1     -1     -1
 sndrD2_g12              4   1    0.500    0.000    2.000   10.000    0.000      1     -1     -1
 sndrD2_g12              5   1    0.450    0.000    2.000   10.000    0.000      1     -1     -1
 sndrD2_g12              6   1    0.500    0.000    2.000   10.000    0.000      1     -1     -1
 sndrD2_g12              7   1    0.500    0.000    2.500   10.000    0.000      1     -1     -1
 sndrD2_g12              8   1    0.500    0.000    3.000   10.000    0.000      1     -1     -1
 sndrD2_g12              9   1    0.600    0.000    3.500   10.000    0.000      1     -1     -1
 sndrD2_g12             10   1    0.950    0.000    2.500   10.000    0.000      1     -1     -1
 sndrD2_g12             11   1    1.300    0.000    3.500   10.000    0.000      1     -1     -1
 sndrD2_g12             12   1    1.800    0.000    4.500   10.000    0.000      1     -1     -1
 sndrD2_g12             13   1    0.300    0.000    2.000   10.000    0.000      1     -1     -1
 sndrD2_g12             14   1    0.250    0.000    2.000   10.000    0.000      1     -1     -1
 sndrD2_g12             15   1    1.300    0.000    3.500   10.000    0.000      1     -1     -1
 sndrD2_g12             16  -1    0.800    0.000    2.500   10.000    0.000     -1     -1     -1
 sndrD2_g12             17  -1    1.300    0.000    4.500   10.000    0.000     -1     -1     -1
 sndrD2_g12             18  -1    1.000    0.000    4.500   10.000    0.000     -1     -1     -1
 sndrD3_g12              1   1    0.950    0.000    2.000   10.000    0.000      1     -1     -1
 sndrD3_g12              2   1    0.820    0.000    2.000   10.000    0.000      1     -1     -1
 sndrD3_g12              3   1    0.500    0.000    2.000   10.000    0.000      1     -1     -1
 sndrD3_g12              4   1    0.500    0.000    2.000   10.000    0.000      1     -1     -1
 sndrD3_g12              5   1    0.450    0.000    2.000   10.000    0.000      1     -1     -1
 sndrD3_g12              6   1    0.500    0.000    2.000   10.000    0.000      1     -1     -1
 sndrD3_g12              7   1    0.500    0.000    2.500   10.000    0.000      1     -1     -1
 sndrD3_g12              8   1    0.500    0.000    3.000   10.000    0.000      1     -1     -1
 sndrD3_g12              9   1    0.600    0.000    3.500   10.000    0.000      1     -1     -1
 sndrD3_g12             10   1    0.950    0.000    2.500   10.000    0.000      1     -1     -1
 sndrD3_g12             11   1    1.300    0.000    3.500   10.000    0.000      1     -1     -1
 sndrD3_g12             12   1    1.800    0.000    4.500   10.000    0.000      1     -1     -1
 sndrD3_g12             13   1    0.300    0.000    2.000   10.000    0.000      1     -1     -1
 sndrD3_g12             14   1    0.250    0.000    2.000   10.000    0.000      1     -1     -1
 sndrD3_g12             15   1    1.300    0.000    3.500   10.000    0.000      1     -1     -1
 sndrD3_g12             16  -1    0.800    0.000    2.500   10.000    0.000     -1     -1     -1
 sndrD3_g12             17  -1    1.300    0.000    4.500   10.000    0.000     -1     -1     -1
 sndrD3_g12             18  -1    1.000    0.000    4.500   10.000    0.000     -1     -1     -1
 sndrD4_g12              1   1    0.950    0.000    2.000   10.000    0.000      1     -1     -1
 sndrD4_g12              2   1    0.820    0.000    2.000   10.000    0.000      1     -1     -1
 sndrD4_g12              3   1    0.500    0.000    2.000   10.000    0.000      1     -1     -1
 sndrD4_g12              4   1    0.500    0.000    2.000   10.000    0.000      1     -1     -1
 sndrD4_g12              5   1    0.450    0.000    2.000   10.000    0.000      1     -1     -1
 sndrD4_g12              6   1    0.500    0.000    2.000   10.000    0.000      1     -1     -1
 sndrD4_g12              7   1    0.500    0.000    2.500   10.000    0.000      1     -1     -1
 sndrD4_g12              8   1    0.500    0.000    3.000   10.000    0.000      1     -1     -1
 sndrD4_g12              9   1    0.600    0.000    3.500   10.000    0.000      1     -1     -1
 sndrD4_g12             10   1    0.950    0.000    2.500   10.000    0.000      1     -1     -1
 sndrD4_g12             11   1    1.300    0.000    3.500   10.000    0.000      1     -1     -1
 sndrD4_g12             12   1    1.800    0.000    4.500   10.000    0.000      1     -1     -1
 sndrD4_g12             13   1    0.300    0.000    2.000   10.000    0.000      1     -1     -1
 sndrD4_g12             14   1    0.250    0.000    2.000   10.000    0.000      1     -1     -1
 sndrD4_g12             15   1    1.300    0.000    3.500   10.000    0.000      1     -1     -1
 sndrD4_g12             16  -1    0.800    0.000    2.500   10.000    0.000     -1     -1     -1
 sndrD4_g12             17  -1    1.300    0.000    4.500   10.000    0.000     -1     -1     -1
 sndrD4_g12             18  -1    1.000    0.000    4.500   10.000    0.000     -1     -1     -1
