# from MERRA2, but using all 15 channels as in NCEP opns
g12  20030402 000000  20070331 240000  sndrD1   0                                              # passive till 5x5 to 1x1 transition on 1 Apr 2007
g12  20030402 000000  20070331 240000  sndrD2   0
g12  20030402 000000  20070331 240000  sndrD3   0 
g12  20030402 000000  20070331 240000  sndrD4   0 

g12  20070401 000000  20071204 240000  sndrD1  11  1 2 3 4 5 6 7 8   10 11 12                  # becomes active on 5x5 to 1x1 transition on 1 Apr 2007
g12  20070401 000000  20071204 240000  sndrD2  11  1 2 3 4 5 6 7 8   10 11 12         
g12  20070401 000000  20071204 240000  sndrD3  11  1 2 3 4 5 6 7 8   10 11 12         
g12  20070401 000000  20071204 240000  sndrD4  11  1 2 3 4 5 6 7 8   10 11 12         

g12  20071205 000000  20071217 240000  sndrD1  0
g12  20071205 000000  20071217 240000  sndrD2  0
g12  20071205 000000  20071217 240000  sndrD3  0
g12  20071205 000000  20071217 240000  sndrD4  0

g12  20071218 000000  20100413 240000  sndrD1  11  1 2 3 4 5 6 7 8   10 11 12                  # 14 Apr 2010 -> GOES-13 became ops GOES-East  
g12  20071218 000000  20100413 240000  sndrD2  11  1 2 3 4 5 6 7 8   10 11 12          
g12  20071218 000000  20100413 240000  sndrD3  11  1 2 3 4 5 6 7 8   10 11 12          
g12  20071218 000000  20100413 240000  sndrD4  11  1 2 3 4 5 6 7 8   10 11 12          
