 sbuv8_n09        1   -1    0.100  1.000  0.040 10.000  0.000
 sbuv8_n09        2   -1    0.158  1.000  0.020 10.000  0.000
 sbuv8_n09        3   -1    0.251  1.000  0.015 10.000  0.000
 sbuv8_n09        4   -1    0.398  1.000  0.030 10.000  0.000
 sbuv8_n09        5   -1    0.631  1.000  0.150 10.000  0.000
 sbuv8_n09        6   -1    1.000  1.000  0.050 10.000  0.000
 sbuv8_n09        7   -1    1.580  1.000  0.125 10.000  0.000
 sbuv8_n09        8   -1    2.510  1.282  0.200 10.000  0.000
 sbuv8_n09        9   -1    3.980  2.051  0.500 10.000  0.000
 sbuv8_n09       10   -1    6.310  2.641  0.500 10.000  0.000
 sbuv8_n09       11   -1   10.000  3.590  0.750 10.000  0.000
 sbuv8_n09       12   -1   15.800  5.052  1.225 10.000  0.000
 sbuv8_n09       13   -1   25.100  6.273  1.225 10.000  0.000
 sbuv8_n09       14   -1   39.800  7.000  1.423 10.000  0.000
 sbuv8_n09       15   -1   63.100  6.940  1.871 10.000  0.000
 sbuv8_n09       16   -1  100.000  5.752  1.871 10.000  0.000
 sbuv8_n09       17   -1  158.000  4.422  1.831 10.000  0.000
 sbuv8_n09       18   -1  251.000  3.000  1.730 10.000  0.000
 sbuv8_n09       19   -1  398.000  3.000  1.667 10.000  0.000
 sbuv8_n09       20   -1  631.000  3.000  1.567 10.000  0.000
 sbuv8_n09       21   -1 1000.000  3.000  1.408 10.000  0.000
 sbuv8_n09       22   -1    0.000 12.000  2.236 10.000  0.000
