 hirs4_metop-b           1  -1    2.500    0.000    4.500   10.000    0.000     -1     -1     -1
 hirs4_metop-b           2  -1    0.600    0.000    2.500   10.000    0.000      1     -1     -1
 hirs4_metop-b           3  -1    0.530    0.000    2.500   10.000    0.000      1     -1     -1
 hirs4_metop-b           4  -1    0.400    0.000    2.000   10.000    0.000      1     -1     -1
 hirs4_metop-b           5  -1    0.360    0.000    2.000   10.000    0.000      1     -1     -1
 hirs4_metop-b           6  -1    0.460    0.000    2.000   10.000    0.000      1     -1     -1
 hirs4_metop-b           7  -1    0.570    0.000    2.500   10.000    0.000      1     -1     -1
 hirs4_metop-b           8  -1    1.000    0.000    3.000   10.000    0.000      1     -1     -1
 hirs4_metop-b           9  -1    1.100    0.000    3.500   10.000    0.000     -1     -1     -1
 hirs4_metop-b          10  -1    0.600    0.000    2.500   10.000    0.000      1     -1     -1
 hirs4_metop-b          11  -1    1.200    0.000    4.500   10.000    0.000      1     -1     -1
 hirs4_metop-b          12  -1    1.600    0.000    4.500   10.000    0.000      1     -1     -1
 hirs4_metop-b          13  -1    0.364    0.000    2.000   10.000    0.000      1     -1     -1
 hirs4_metop-b          14  -1    0.260    0.000    2.000   10.000    0.000      1     -1     -1
 hirs4_metop-b          15  -1    0.260    0.000    2.000   10.000    0.000      1     -1     -1
 hirs4_metop-b          16  -1    1.000    0.000    3.500   10.000    0.000     -1     -1     -1
 hirs4_metop-b          17  -1    2.000    0.000    4.500   10.000    0.000     -1     -1     -1
 hirs4_metop-b          18  -1    2.000    0.000    4.500   10.000    0.000     -1     -1     -1
 hirs4_metop-b          19  -1    2.000    0.000    4.500   10.000    0.000     -1     -1     -1
