 hirs2_n07               1  -1    1.840    0.000    4.500   10.000    0.000     -1     -1     -1
 hirs2_n07               2   1    0.510    0.000    2.500   10.000    0.000     -1     -1     -1
 hirs2_n07               3   1    0.460    0.000    2.000   10.000    0.000     -1     -1     -1
 hirs2_n07               4   1    0.350    0.000    2.000   10.000    0.000     -1     -1     -1
 hirs2_n07               5   1    0.355    0.000    2.000   10.000    0.000     -1     -1     -1
 hirs2_n07               6   1    0.460    0.000    2.000   10.000    0.000     -1     -1     -1
 hirs2_n07               7   1    0.570    0.000    2.500   10.000    0.000     -1     -1     -1
 hirs2_n07               8   1    1.000    0.000    3.000   10.000    0.000     -1     -1     -1
 hirs2_n07               9   1    1.100    0.000    3.500   10.000    0.000     -1     -1     -1
 hirs2_n07              10   1    0.600    0.000    2.500   10.000    0.000     -1     -1     -1
 hirs2_n07              11   1    1.200    0.000    3.500   10.000    0.000     -1     -1     -1
 hirs2_n07              12   1    1.700    0.000    4.500   10.000    0.000     -1     -1     -1
 hirs2_n07              13   1    0.380    0.000    2.000   10.000    0.000     -1     -1     -1
 hirs2_n07              14   1    0.200    0.000    2.000   10.000    0.000     -1     -1     -1
 hirs2_n07              15   1    0.500    0.000    2.500   10.000    0.000     -1     -1     -1
 hirs2_n07              16  -1    1.740    0.000    4.500   10.000    0.000     -1     -1     -1
 hirs2_n07              17  -1    1.700    0.000    4.500   10.000    0.000     -1     -1     -1
 hirs2_n07              18  -1    1.830    0.000    4.500   10.000    0.000     -1     -1     -1
 hirs2_n07              19  -1    2.000    0.000    4.500   10.000    0.000     -1     -1     -1
