 amsua_metop-b           1  -1    2.500   20.000    4.500   10.000    0.000     -2      1     -1
 amsua_metop-b           2  -1    2.200   18.000    4.500   10.000    0.000     -2      1     -1
 amsua_metop-b           3  -1    2.000   12.000    4.500   10.000    0.000     -2      1     -1
 amsua_metop-b           4  -1    0.550    3.000    2.500   10.000    0.000     -2      1     -1
 amsua_metop-b           5  -1    0.300    0.500    2.000   10.000    0.000     -2      1     -1
 amsua_metop-b           6  -1    0.230    0.300    2.000   10.000    0.000     -2      1     -1
 amsua_metop-b           7  -1    0.230    0.230    2.000   10.000    0.000     -2      1     -1
 amsua_metop-b           8  -1    0.250    0.250    2.000   10.000    0.000     -2      1     -1
 amsua_metop-b           9  -1    0.250    0.250    2.000   10.000    0.000     -2      1     -1
 amsua_metop-b          10  -1    0.350    0.350    2.000   10.000    0.000     -2      1     -1
 amsua_metop-b          11  -1    0.400    0.400    2.500   10.000    0.000     -2      1     -1
 amsua_metop-b          12  -1    0.550    0.550    3.500   10.000    0.000     -2      1     -1
 amsua_metop-b          13  -1    0.800    0.800    4.500   10.000    0.000     -2      1     -1
 amsua_metop-b          14  -1    4.000    4.000    4.500   10.000    0.000     -2      1     -1
 amsua_metop-b          15  -1    3.500   18.000    4.500   10.000    0.000     -2      1     -1
