 amsua_aqua              1  -1    2.500   20.000    4.500   10.000    0.000     -2      1     -1
 amsua_aqua              2  -1    2.000   18.000    4.500   10.000    0.000     -2      1     -1
 amsua_aqua              3  -1    2.000   12.000    4.500   10.000    0.000     -2      1     -1
 amsua_aqua              4  -1    0.500    3.000    3.000   10.000    0.000     -2      1     -1
 amsua_aqua              5  -1    0.400    0.550    2.000   10.000    0.000     -2      1     -1
 amsua_aqua              6  -1    0.400    0.400    2.000   10.000    0.000     -2      1     -1
 amsua_aqua              7  -1    0.500    0.500    2.000   10.000    0.000     -2      1     -1
 amsua_aqua              8  -1    0.300    0.300    2.000   10.000    0.000     -2      1     -1
 amsua_aqua              9  -1    0.350    0.350    2.000   10.000    0.000     -2      1     -1
 amsua_aqua             10  -1    0.350    0.350    2.000   10.000    0.000     -2      1     -1
 amsua_aqua             11  -1    0.450    0.450    3.000   10.000    0.000     -2      1     -1
 amsua_aqua             12  -1    1.000    1.000    3.500   10.000    0.000     -2      1     -1
 amsua_aqua             13  -1    1.500    1.500    4.500   10.000    0.000     -2      1     -1
 amsua_aqua             14  -1    2.500    2.500    4.500   10.000    0.000     -2      1     -1
 amsua_aqua             15  -1    2.500   18.000    4.500   10.000    0.000     -2      1     -1
