 amsua_n15               1   1    3.000   20.000    4.500   10.000    0.000     -2      1     -1
 amsua_n15               2   1    2.200   18.000    4.500   10.000    0.000     -2      1     -1
 amsua_n15               3   1    2.000   12.000    4.500   10.000    0.000     -2      1     -1
 amsua_n15               4   1    0.600    3.000    2.500   10.000    0.000     -2      1     -1
 amsua_n15               5   1    0.300    0.500    2.000   10.000    0.000     -2      1     -1
 amsua_n15               6  -1    0.230    0.300    2.000   10.000    0.000     -2      1     -1
 amsua_n15               7   1    0.250    0.250    2.000   10.000    0.000     -2      1     -1
 amsua_n15               8   1    0.275    0.275    2.000   10.000    0.000     -2      1     -1
 amsua_n15               9   1    0.340    0.340    2.000   10.000    0.000     -2      1     -1
 amsua_n15              10   1    0.400    0.400    2.000   10.000    0.000     -2      1     -1
 amsua_n15              11  -1    0.600    0.600    2.500   10.000    0.000     -2      1     -1
 amsua_n15              12   1    1.000    1.000    3.500   10.000    0.000     -2      1     -1
 amsua_n15              13   1    1.500    1.500    4.500   10.000    0.000     -2      1     -1
 amsua_n15              14  -1    4.000    4.000    4.500   10.000    0.000     -2      1     -1
 amsua_n15              15   1    3.500   18.000    4.500   10.000    0.000     -2      1     -1
