 ssmis_f18               1  -1    1.500    0.000    6.000   10.000    0.000     -2     -1     -1
 ssmis_f18               2  -1    0.500    0.000    6.000   10.000    0.000     -2     -1     -1
 ssmis_f18               3  -1    0.500    0.000    6.000   10.000    0.000     -2     -1     -1
 ssmis_f18               4  -1    0.500    0.000    6.000   10.000    0.000     -2     -1     -1
 ssmis_f18               5  -1    0.500    0.000    6.000   10.000    0.000     -2     -1     -1
 ssmis_f18               6  -1    1.000    0.000    6.000   10.000    0.000     -2     -1     -1
 ssmis_f18               7  -1    1.000    0.000    6.000   10.000    0.000     -2     -1     -1
 ssmis_f18               8  -1    3.000    0.000    6.000   10.000    0.000     -2     -1     -1
 ssmis_f18               9  -1    3.000    0.000    6.000   10.000    0.000     -2     -1     -1
 ssmis_f18              10  -1    3.000    0.000    6.000   10.000    0.000     -2     -1     -1
 ssmis_f18              11  -1    3.000    0.000    6.000   10.000    0.000     -2     -1     -1
 ssmis_f18              12  -1    2.400    0.000    6.000   10.000    0.000     -2     -1     -1
 ssmis_f18              13  -1    1.270    0.000    6.000   10.000    0.000     -2     -1     -1
 ssmis_f18              14  -1    1.440    0.000    6.000   10.000    0.000     -2     -1     -1
 ssmis_f18              15  -1    3.000    0.000    6.000   10.000    0.000     -2     -1     -1
 ssmis_f18              16  -1    1.340    0.000    6.000   10.000    0.000     -2     -1     -1
 ssmis_f18              17  -1    1.740    0.000    6.000   10.000    0.000     -2     -1     -1
 ssmis_f18              18  -1    3.750    0.000    6.000   10.000    0.000     -2     -1     -1
 ssmis_f18              19  -1    3.000    0.000    6.000   10.000    0.000     -2     -1     -1
 ssmis_f18              20  -1    3.000    0.000    6.000   10.000    0.000     -2     -1     -1
 ssmis_f18              21  -1    2.000    0.000    6.000   10.000    0.000     -2     -1     -1
 ssmis_f18              22  -1    6.400    0.000    6.000   10.000    0.000     -2     -1     -1
 ssmis_f18              23  -1    1.000    0.000    6.000   10.000    0.000     -2     -1     -1
 ssmis_f18              24  -1    1.000    0.000    6.000   10.000    0.000     -2     -1     -1
