 sndrD1_g14              1  -1    0.900    0.000    2.000   10.000    0.000      1     -1     -1
 sndrD1_g14              2  -1    0.720    0.000    2.000   10.000    0.000      1     -1     -1
 sndrD1_g14              3  -1    0.600    0.000    2.000   10.000    0.000      1     -1     -1
 sndrD1_g14              4  -1    0.500    0.000    2.000   10.000    0.000      1     -1     -1
 sndrD1_g14              5  -1    0.910    0.000    2.000   10.000    0.000      1     -1     -1
 sndrD1_g14              6  -1    0.990    0.000    2.000   10.000    0.000      1     -1     -1
 sndrD1_g14              7  -1    1.080    0.000    2.500   10.000    0.000      1     -1     -1
 sndrD1_g14              8  -1    2.000    0.000    3.000   10.000    0.000      1     -1     -1
 sndrD1_g14              9  -1    2.600    0.000    3.500   10.000    0.000      1     -1     -1
 sndrD1_g14             10  -1    1.800    0.000    2.500   10.000    0.000      1     -1     -1
 sndrD1_g14             11  -1    2.300    0.000    3.500   10.000    0.000      1     -1     -1
 sndrD1_g14             12  -1    2.800    0.000    4.500   10.000    0.000      1     -1     -1
 sndrD1_g14             13  -1    0.900    0.000    2.000   10.000    0.000      1     -1     -1
 sndrD1_g14             14  -1    0.800    0.000    2.000   10.000    0.000      1     -1     -1
 sndrD1_g14             15  -1    2.000    0.000    3.500   10.000    0.000      1     -1     -1
 sndrD1_g14             16  -1    1.080    0.000    2.500   10.000    0.000     -1     -1     -1
 sndrD1_g14             17  -1    2.000    0.000    4.500   10.000    0.000     -1     -1     -1
 sndrD1_g14             18  -1    2.000    0.000    4.500   10.000    0.000     -1     -1     -1
 sndrD2_g14              1  -1    0.900    0.000    2.000   10.000    0.000      1     -1     -1
 sndrD2_g14              2  -1    0.720    0.000    2.000   10.000    0.000      1     -1     -1
 sndrD2_g14              3  -1    0.600    0.000    2.000   10.000    0.000      1     -1     -1
 sndrD2_g14              4  -1    0.500    0.000    2.000   10.000    0.000      1     -1     -1
 sndrD2_g14              5  -1    0.910    0.000    2.000   10.000    0.000      1     -1     -1
 sndrD2_g14              6  -1    0.980    0.000    2.000   10.000    0.000      1     -1     -1
 sndrD2_g14              7  -1    1.080    0.000    2.500   10.000    0.000      1     -1     -1
 sndrD2_g14              8  -1    2.000    0.000    3.000   10.000    0.000      1     -1     -1
 sndrD2_g14              9  -1    2.600    0.000    3.500   10.000    0.000      1     -1     -1
 sndrD2_g14             10  -1    1.800    0.000    2.500   10.000    0.000      1     -1     -1
 sndrD2_g14             11  -1    2.300    0.000    3.500   10.000    0.000      1     -1     -1
 sndrD2_g14             12  -1    2.800    0.000    4.500   10.000    0.000      1     -1     -1
 sndrD2_g14             13  -1    0.900    0.000    2.000   10.000    0.000      1     -1     -1
 sndrD2_g14             14  -1    0.800    0.000    2.000   10.000    0.000      1     -1     -1
 sndrD2_g14             15  -1    2.000    0.000    3.500   10.000    0.000      1     -1     -1
 sndrD2_g14             16  -1    1.080    0.000    2.500   10.000    0.000     -1     -1     -1
 sndrD2_g14             17  -1    2.000    0.000    4.500   10.000    0.000     -1     -1     -1
 sndrD2_g14             18  -1    2.000    0.000    4.500   10.000    0.000     -1     -1     -1
 sndrD3_g14              1  -1    0.900    0.000    2.000   10.000    0.000      1     -1     -1
 sndrD3_g14              2  -1    0.720    0.000    2.000   10.000    0.000      1     -1     -1
 sndrD3_g14              3  -1    0.600    0.000    2.000   10.000    0.000      1     -1     -1
 sndrD3_g14              4  -1    0.500    0.000    2.000   10.000    0.000      1     -1     -1
 sndrD3_g14              5  -1    0.910    0.000    2.000   10.000    0.000      1     -1     -1
 sndrD3_g14              6  -1    0.980    0.000    2.000   10.000    0.000      1     -1     -1
 sndrD3_g14              7  -1    1.080    0.000    2.500   10.000    0.000      1     -1     -1
 sndrD3_g14              8  -1    2.000    0.000    3.000   10.000    0.000      1     -1     -1
 sndrD3_g14              9  -1    2.600    0.000    3.500   10.000    0.000      1     -1     -1
 sndrD3_g14             10  -1    1.800    0.000    2.500   10.000    0.000      1     -1     -1
 sndrD3_g14             11  -1    2.300    0.000    3.500   10.000    0.000      1     -1     -1
 sndrD3_g14             12  -1    2.800    0.000    4.500   10.000    0.000      1     -1     -1
 sndrD3_g14             13  -1    0.900    0.000    2.000   10.000    0.000      1     -1     -1
 sndrD3_g14             14  -1    0.800    0.000    2.000   10.000    0.000      1     -1     -1
 sndrD3_g14             15  -1    2.000    0.000    3.500   10.000    0.000      1     -1     -1
 sndrD3_g14             16  -1    1.080    0.000    2.500   10.000    0.000     -1     -1     -1
 sndrD3_g14             17  -1    2.000    0.000    4.500   10.000    0.000     -1     -1     -1
 sndrD3_g14             18  -1    2.000    0.000    4.500   10.000    0.000     -1     -1     -1
 sndrD4_g14              1  -1    0.900    0.000    2.000   10.000    0.000      1     -1     -1
 sndrD4_g14              2  -1    0.720    0.000    2.000   10.000    0.000      1     -1     -1
 sndrD4_g14              3  -1    0.600    0.000    2.000   10.000    0.000      1     -1     -1
 sndrD4_g14              4  -1    0.500    0.000    2.000   10.000    0.000      1     -1     -1
 sndrD4_g14              5  -1    0.910    0.000    2.000   10.000    0.000      1     -1     -1
 sndrD4_g14              6  -1    0.980    0.000    2.000   10.000    0.000      1     -1     -1
 sndrD4_g14              7  -1    1.080    0.000    2.500   10.000    0.000      1     -1     -1
 sndrD4_g14              8  -1    2.000    0.000    3.000   10.000    0.000      1     -1     -1
 sndrD4_g14              9  -1    2.600    0.000    3.500   10.000    0.000      1     -1     -1
 sndrD4_g14             10  -1    1.800    0.000    2.500   10.000    0.000      1     -1     -1
 sndrD4_g14             11  -1    2.300    0.000    3.500   10.000    0.000      1     -1     -1
 sndrD4_g14             12  -1    2.800    0.000    4.500   10.000    0.000      1     -1     -1
 sndrD4_g14             13  -1    0.900    0.000    2.000   10.000    0.000      1     -1     -1
 sndrD4_g14             14  -1    0.800    0.000    2.000   10.000    0.000      1     -1     -1
 sndrD4_g14             15  -1    2.000    0.000    3.500   10.000    0.000      1     -1     -1
 sndrD4_g14             16  -1    1.080    0.000    2.500   10.000    0.000     -1     -1     -1
 sndrD4_g14             17  -1    2.000    0.000    4.500   10.000    0.000     -1     -1     -1
 sndrD4_g14             18  -1    2.000    0.000    4.500   10.000    0.000     -1     -1     -1
