 ompsnp_n20       1   -1    0.100  1.000  0.011 10.000  0.000
 ompsnp_n20       2   -1    0.158  1.000  0.007 10.000  0.000
 ompsnp_n20       3   -1    0.251  1.000  0.008 10.000  0.000
 ompsnp_n20       4   -1    0.398  1.000  0.021 10.000  0.000
 ompsnp_n20       5   -1    0.631  1.000  0.049 10.000  0.000
 ompsnp_n20       6   -1    1.000  1.000  0.059 10.000  0.000
 ompsnp_n20       7   -1    1.580  1.000  0.073 10.000  0.000
 ompsnp_n20       8   -1    2.510  1.282  0.116 10.000  0.000
 ompsnp_n20       9   -1    3.980  2.051  0.113 10.000  0.000
 ompsnp_n20      10   -1    6.310  2.641  0.280 10.000  0.000
 ompsnp_n20      11   -1   10.000  3.590  0.530 10.000  0.000
 ompsnp_n20      12   -1   15.800  5.052  1.081 10.000  0.000
 ompsnp_n20      13   -1   25.100  6.273  2.040 10.000  0.000
 ompsnp_n20      14   -1   39.800  7.000  3.606 10.000  0.000
 ompsnp_n20      15   -1   63.100  6.940  3.449 10.000  0.000
 ompsnp_n20      16   -1  100.000  5.752  3.869 10.000  0.000
 ompsnp_n20      17   -1  158.000  6.000  5.149 10.000  0.000
 ompsnp_n20      18   -1  251.000  4.000  3.774 10.000  0.000
 ompsnp_n20      19   -1  398.000  3.000  2.704 10.000  0.000
 ompsnp_n20      20   -1  631.000  3.000  1.229 10.000  0.000
 ompsnp_n20      21   -1 1000.000  3.000  0.762 10.000  0.000
 ompsnp_n20      22   -1    0.000 12.000  6.000 10.000  0.000
