 hirs2_n06               1  -1    1.840    0.000    4.500   10.000    0.000     -1     -1     -1
 hirs2_n06               2  -1    0.510    0.000    2.500   10.000    0.000     -1     -1     -1
 hirs2_n06               3  -1    0.460    0.000    2.000   10.000    0.000     -1     -1     -1
 hirs2_n06               4  -1    0.350    0.000    2.000   10.000    0.000     -1     -1     -1
 hirs2_n06               5  -1    0.355    0.000    2.000   10.000    0.000     -1     -1     -1
 hirs2_n06               6  -1    0.460    0.000    2.000   10.000    0.000     -1     -1     -1
 hirs2_n06               7  -1    0.570    0.000    2.500   10.000    0.000     -1     -1     -1
 hirs2_n06               8  -1    1.000    0.000    3.000   10.000    0.000     -1     -1     -1
 hirs2_n06               9  -1    1.100    0.000    3.500   10.000    0.000     -1     -1     -1
 hirs2_n06              10  -1    0.600    0.000    2.500   10.000    0.000     -1     -1     -1
 hirs2_n06              11  -1    1.200    0.000    3.500   10.000    0.000     -1     -1     -1
 hirs2_n06              12  -1    1.700    0.000    4.500   10.000    0.000     -1     -1     -1
 hirs2_n06              13  -1    0.380    0.000    2.000   10.000    0.000     -1     -1     -1
 hirs2_n06              14  -1    0.200    0.000    2.000   10.000    0.000     -1     -1     -1
 hirs2_n06              15  -1    0.500    0.000    2.500   10.000    0.000     -1     -1     -1
 hirs2_n06              16  -1    1.740    0.000    4.500   10.000    0.000     -1     -1     -1
 hirs2_n06              17  -1    1.700    0.000    4.500   10.000    0.000     -1     -1     -1
 hirs2_n06              18  -1    1.830    0.000    4.500   10.000    0.000     -1     -1     -1
 hirs2_n06              19  -1    2.000    0.000    4.500   10.000    0.000     -1     -1     -1
