 hirs2_n12               1  -1    1.840    0.000    4.500   10.000    0.000     -1     -1     -1
 hirs2_n12               2  -1    0.510    0.000    2.500   10.000    0.000     -1     -1     -1
 hirs2_n12               3  -1    0.460    0.000    2.000   10.000    0.000     -1     -1     -1
 hirs2_n12               4  -1    0.350    0.000    2.000   10.000    0.000     -1     -1     -1
 hirs2_n12               5  -1    0.355    0.000    2.000   10.000    0.000     -1     -1     -1
 hirs2_n12               6  -1    0.460    0.000    2.000   10.000    0.000     -1     -1     -1
 hirs2_n12               7  -1    0.570    0.000    2.500   10.000    0.000     -1     -1     -1
 hirs2_n12               8  -1    1.000    0.000    3.000   10.000    0.000     -1     -1     -1
 hirs2_n12               9  -1    1.100    0.000    3.500   10.000    0.000     -1     -1     -1
 hirs2_n12              10  -1    0.600    0.000    2.500   10.000    0.000     -1     -1     -1
 hirs2_n12              11  -1    1.200    0.000    3.500   10.000    0.000     -1     -1     -1
 hirs2_n12              12  -1    1.700    0.000    4.500   10.000    0.000     -1     -1     -1
 hirs2_n12              13  -1    0.380    0.000    2.000   10.000    0.000     -1     -1     -1
 hirs2_n12              14  -1    0.200    0.000    2.000   10.000    0.000     -1     -1     -1
 hirs2_n12              15  -1    0.500    0.000    2.500   10.000    0.000     -1     -1     -1
 hirs2_n12              16  -1    1.740    0.000    4.500   10.000    0.000     -1     -1     -1
 hirs2_n12              17  -1    1.700    0.000    4.500   10.000    0.000     -1     -1     -1
 hirs2_n12              18  -1    1.830    0.000    4.500   10.000    0.000     -1     -1     -1
 hirs2_n12              19  -1    2.000    0.000    4.500   10.000    0.000     -1     -1     -1
