 sndrD1_g15              1  -1    0.900    0.000    2.000   10.000    0.000      1     -1     -1
 sndrD1_g15              2  -1    0.720    0.000    2.000   10.000    0.000      1     -1     -1
 sndrD1_g15              3  -1    0.600    0.000    2.000   10.000    0.000      1     -1     -1
 sndrD1_g15              4  -1    0.500    0.000    2.000   10.000    0.000      1     -1     -1
 sndrD1_g15              5  -1    0.910    0.000    2.000   10.000    0.000      1     -1     -1
 sndrD1_g15              6  -1    0.990    0.000    2.000   10.000    0.000      1     -1     -1
 sndrD1_g15              7  -1    1.080    0.000    2.500   10.000    0.000      1     -1     -1
 sndrD1_g15              8  -1    2.000    0.000    3.000   10.000    0.000      1     -1     -1
 sndrD1_g15              9  -1    2.600    0.000    3.500   10.000    0.000      1     -1     -1
 sndrD1_g15             10  -1    1.800    0.000    2.500   10.000    0.000      1     -1     -1
 sndrD1_g15             11  -1    2.300    0.000    3.500   10.000    0.000      1     -1     -1
 sndrD1_g15             12  -1    2.800    0.000    4.500   10.000    0.000      1     -1     -1
 sndrD1_g15             13  -1    0.900    0.000    2.000   10.000    0.000      1     -1     -1
 sndrD1_g15             14  -1    0.800    0.000    2.000   10.000    0.000      1     -1     -1
 sndrD1_g15             15  -1    2.000    0.000    3.500   10.000    0.000      1     -1     -1
 sndrD1_g15             16  -1    1.080    0.000    2.500   10.000    0.000     -1     -1     -1
 sndrD1_g15             17  -1    2.000    0.000    4.500   10.000    0.000     -1     -1     -1
 sndrD1_g15             18  -1    2.000    0.000    4.500   10.000    0.000     -1     -1     -1
 sndrD2_g15              1  -1    0.900    0.000    2.000   10.000    0.000      1     -1     -1
 sndrD2_g15              2  -1    0.720    0.000    2.000   10.000    0.000      1     -1     -1
 sndrD2_g15              3  -1    0.600    0.000    2.000   10.000    0.000      1     -1     -1
 sndrD2_g15              4  -1    0.500    0.000    2.000   10.000    0.000      1     -1     -1
 sndrD2_g15              5  -1    0.910    0.000    2.000   10.000    0.000      1     -1     -1
 sndrD2_g15              6  -1    0.980    0.000    2.000   10.000    0.000      1     -1     -1
 sndrD2_g15              7  -1    1.080    0.000    2.500   10.000    0.000      1     -1     -1
 sndrD2_g15              8  -1    2.000    0.000    3.000   10.000    0.000      1     -1     -1
 sndrD2_g15              9  -1    2.600    0.000    3.500   10.000    0.000      1     -1     -1
 sndrD2_g15             10  -1    1.800    0.000    2.500   10.000    0.000      1     -1     -1
 sndrD2_g15             11  -1    2.300    0.000    3.500   10.000    0.000      1     -1     -1
 sndrD2_g15             12  -1    2.800    0.000    4.500   10.000    0.000      1     -1     -1
 sndrD2_g15             13  -1    0.900    0.000    2.000   10.000    0.000      1     -1     -1
 sndrD2_g15             14  -1    0.800    0.000    2.000   10.000    0.000      1     -1     -1
 sndrD2_g15             15  -1    2.000    0.000    3.500   10.000    0.000      1     -1     -1
 sndrD2_g15             16  -1    1.080    0.000    2.500   10.000    0.000     -1     -1     -1
 sndrD2_g15             17  -1    2.000    0.000    4.500   10.000    0.000     -1     -1     -1
 sndrD2_g15             18  -1    2.000    0.000    4.500   10.000    0.000     -1     -1     -1
 sndrD3_g15              1  -1    0.900    0.000    2.000   10.000    0.000      1     -1     -1
 sndrD3_g15              2  -1    0.720    0.000    2.000   10.000    0.000      1     -1     -1
 sndrD3_g15              3  -1    0.600    0.000    2.000   10.000    0.000      1     -1     -1
 sndrD3_g15              4  -1    0.500    0.000    2.000   10.000    0.000      1     -1     -1
 sndrD3_g15              5  -1    0.910    0.000    2.000   10.000    0.000      1     -1     -1
 sndrD3_g15              6  -1    0.980    0.000    2.000   10.000    0.000      1     -1     -1
 sndrD3_g15              7  -1    1.080    0.000    2.500   10.000    0.000      1     -1     -1
 sndrD3_g15              8  -1    2.000    0.000    3.000   10.000    0.000      1     -1     -1
 sndrD3_g15              9  -1    2.600    0.000    3.500   10.000    0.000      1     -1     -1
 sndrD3_g15             10  -1    1.800    0.000    2.500   10.000    0.000      1     -1     -1
 sndrD3_g15             11  -1    2.300    0.000    3.500   10.000    0.000      1     -1     -1
 sndrD3_g15             12  -1    2.800    0.000    4.500   10.000    0.000      1     -1     -1
 sndrD3_g15             13  -1    0.900    0.000    2.000   10.000    0.000      1     -1     -1
 sndrD3_g15             14  -1    0.800    0.000    2.000   10.000    0.000      1     -1     -1
 sndrD3_g15             15  -1    2.000    0.000    3.500   10.000    0.000      1     -1     -1
 sndrD3_g15             16  -1    1.080    0.000    2.500   10.000    0.000     -1     -1     -1
 sndrD3_g15             17  -1    2.000    0.000    4.500   10.000    0.000     -1     -1     -1
 sndrD3_g15             18  -1    2.000    0.000    4.500   10.000    0.000     -1     -1     -1
 sndrD4_g15              1  -1    0.900    0.000    2.000   10.000    0.000      1     -1     -1
 sndrD4_g15              2  -1    0.720    0.000    2.000   10.000    0.000      1     -1     -1
 sndrD4_g15              3  -1    0.600    0.000    2.000   10.000    0.000      1     -1     -1
 sndrD4_g15              4  -1    0.500    0.000    2.000   10.000    0.000      1     -1     -1
 sndrD4_g15              5  -1    0.910    0.000    2.000   10.000    0.000      1     -1     -1
 sndrD4_g15              6  -1    0.980    0.000    2.000   10.000    0.000      1     -1     -1
 sndrD4_g15              7  -1    1.080    0.000    2.500   10.000    0.000      1     -1     -1
 sndrD4_g15              8  -1    2.000    0.000    3.000   10.000    0.000      1     -1     -1
 sndrD4_g15              9  -1    2.600    0.000    3.500   10.000    0.000      1     -1     -1
 sndrD4_g15             10  -1    1.800    0.000    2.500   10.000    0.000      1     -1     -1
 sndrD4_g15             11  -1    2.300    0.000    3.500   10.000    0.000      1     -1     -1
 sndrD4_g15             12  -1    2.800    0.000    4.500   10.000    0.000      1     -1     -1
 sndrD4_g15             13  -1    0.900    0.000    2.000   10.000    0.000      1     -1     -1
 sndrD4_g15             14  -1    0.800    0.000    2.000   10.000    0.000      1     -1     -1
 sndrD4_g15             15  -1    2.000    0.000    3.500   10.000    0.000      1     -1     -1
 sndrD4_g15             16  -1    1.080    0.000    2.500   10.000    0.000     -1     -1     -1
 sndrD4_g15             17  -1    2.000    0.000    4.500   10.000    0.000     -1     -1     -1
 sndrD4_g15             18  -1    2.000    0.000    4.500   10.000    0.000     -1     -1     -1
