# from MERRA2
g15  20100304 000000  20111206 240000  sndrD1   0                                              # Passive till Operational GOES-West
g15  20100304 000000  20111206 240000  sndrD2   0                                              # 
g15  20100304 000000  20111206 240000  sndrD3   0
g15  20100304 000000  20111206 240000  sndrD4   0

g15  20111207 000000  20201022 000000  sndrD1  11  1 2 3 4 5 6 7 8   10 11 12                  # GOES-15 became ops GOES-West on 5 Dec 2011
g15  20111207 000000  20201022 000000  sndrD2  11  1 2 3 4 5 6 7 8   10 11 12         
g15  20111207 000000  20201022 000000  sndrD3  11  1 2 3 4 5 6 7 8   10 11 12         
g15  20111207 000000  20201022 000000  sndrD4  11  1 2 3 4 5 6 7 8   10 11 12          # no dumps after 202001022
