 cris-fsr_n20           19  -1    1.000    0.000    2.000   10.000    0.000     -1     -1     -1
 cris-fsr_n20           24  -1    0.700    0.000    2.000   10.000    0.000      1     -1     -1
 cris-fsr_n20           26  -1    0.700    0.000    2.000   10.000    0.000     -1     -1     -1
 cris-fsr_n20           27  -1    0.700    0.000    2.000   10.000    0.000     -1     -1     -1
 cris-fsr_n20           28  -1    0.700    0.000    2.000   10.000    0.000     -1     -1     -1
 cris-fsr_n20           31  -1    1.359    0.000    2.000   10.000    0.000     -1     -1     -1
 cris-fsr_n20           32  -1    0.600    0.000    2.000   10.000    0.000      1     -1     -1
 cris-fsr_n20           33  -1    0.600    0.000    2.000   10.000    0.000     -1     -1     -1
 cris-fsr_n20           37  -1    0.600    0.000    2.000   10.000    0.000      1     -1     -1
 cris-fsr_n20           39  -1    0.600    0.000    2.000   10.000    0.000     -1     -1     -1
 cris-fsr_n20           42  -1    0.600    0.000    2.000   10.000    0.000      1     -1     -1
 cris-fsr_n20           44  -1    0.600    0.000    2.000   10.000    0.000     -1     -1     -1
 cris-fsr_n20           47  -1    0.600    0.000    2.000   10.000    0.000      1     -1     -1
 cris-fsr_n20           49  -1    0.600    0.000    2.000   10.000    0.000     -1     -1     -1
 cris-fsr_n20           50  -1    1.000    0.000    2.000   10.000    0.000     -1     -1     -1
 cris-fsr_n20           51  -1    0.600    0.000    2.000   10.000    0.000      1     -1     -1
 cris-fsr_n20           52  -1    1.000    0.000    2.000   10.000    0.000     -1     -1     -1
 cris-fsr_n20           53  -1    0.600    0.000    2.000   10.000    0.000     -1     -1     -1
 cris-fsr_n20           54  -1    1.000    0.000    2.000   10.000    0.000     -1     -1     -1
 cris-fsr_n20           55  -1    0.500    0.000    2.000   10.000    0.000      1     -1     -1
 cris-fsr_n20           56  -1    1.000    0.000    2.000   10.000    0.000     -1     -1     -1
 cris-fsr_n20           57  -1    0.500    0.000    2.000   10.000    0.000     -1     -1     -1
 cris-fsr_n20           58  -1    1.000    0.000    2.000   10.000    0.000     -1     -1     -1
 cris-fsr_n20           59  -1    0.600    0.000    2.000   10.000    0.000      1     -1     -1
 cris-fsr_n20           60  -1    1.000    0.000    2.000   10.000    0.000     -1     -1     -1
 cris-fsr_n20           61  -1    0.500    0.000    2.000   10.000    0.000     -1     -1     -1
 cris-fsr_n20           62  -1    1.000    0.000    2.000   10.000    0.000     -1     -1     -1
 cris-fsr_n20           63  -1    0.500    0.000    2.000   10.000    0.000      1     -1     -1
 cris-fsr_n20           64  -1    0.756    0.000    2.000   10.000    0.000     -1     -1     -1
 cris-fsr_n20           65  -1    0.500    0.000    2.000   10.000    0.000     -1     -1     -1
 cris-fsr_n20           66  -1    1.000    0.000    2.000   10.000    0.000     -1     -1     -1
 cris-fsr_n20           67  -1    0.500    0.000    2.000   10.000    0.000      1     -1     -1
 cris-fsr_n20           68  -1    1.000    0.000    2.000   10.000    0.000     -1     -1     -1
 cris-fsr_n20           69  -1    0.500    0.000    2.000   10.000    0.000     -1     -1     -1
 cris-fsr_n20           70  -1    1.000    0.000    2.000   10.000    0.000     -1     -1     -1
 cris-fsr_n20           71  -1    0.500    0.000    2.000   10.000    0.000      1     -1     -1
 cris-fsr_n20           72  -1    1.000    0.000    2.000   10.000    0.000     -1     -1     -1
 cris-fsr_n20           73  -1    0.500    0.000    2.000   10.000    0.000     -1     -1     -1
 cris-fsr_n20           74  -1    1.000    0.000    2.000   10.000    0.000     -1     -1     -1
 cris-fsr_n20           75  -1    0.500    0.000    2.000   10.000    0.000      1     -1     -1
 cris-fsr_n20           76  -1    1.000    0.000    2.000   10.000    0.000     -1     -1     -1
 cris-fsr_n20           77  -1    0.500    0.000    2.000   10.000    0.000     -1     -1     -1
 cris-fsr_n20           78  -1    1.000    0.000    2.000   10.000    0.000     -1     -1     -1
 cris-fsr_n20           79  -1    0.500    0.000    2.000   10.000    0.000      1     -1     -1
 cris-fsr_n20           80  -1    0.600    0.000    2.000   10.000    0.000     -1     -1     -1
 cris-fsr_n20           81  -1    0.500    0.000    2.000   10.000    0.000     -1     -1     -1
 cris-fsr_n20           82  -1    1.000    0.000    2.000   10.000    0.000     -1     -1     -1
 cris-fsr_n20           83  -1    0.500    0.000    2.000   10.000    0.000      1     -1     -1
 cris-fsr_n20           84  -1    1.000    0.000    2.000   10.000    0.000     -1     -1     -1
 cris-fsr_n20           85  -1    0.500    0.000    2.000   10.000    0.000     -1     -1     -1
 cris-fsr_n20           86  -1    1.000    0.000    2.000   10.000    0.000     -1     -1     -1
 cris-fsr_n20           87  -1    0.500    0.000    2.000   10.000    0.000      1     -1     -1
 cris-fsr_n20           88  -1    0.600    0.000    2.000   10.000    0.000     -1     -1     -1
 cris-fsr_n20           89  -1    0.500    0.000    2.000   10.000    0.000     -1     -1     -1
 cris-fsr_n20           90  -1    1.000    0.000    2.000   10.000    0.000     -1     -1     -1
 cris-fsr_n20           91  -1    0.450    0.000    2.000   10.000    0.000      1     -1     -1
 cris-fsr_n20           92  -1    1.000    0.000    2.000   10.000    0.000     -1     -1     -1
 cris-fsr_n20           93  -1    0.450    0.000    2.000   10.000    0.000     -1     -1     -1
 cris-fsr_n20           94  -1    1.000    0.000    2.000   10.000    0.000     -1     -1     -1
 cris-fsr_n20           95  -1    0.450    0.000    2.000   10.000    0.000      1     -1     -1
 cris-fsr_n20           96  -1    0.635    0.000    2.000   10.000    0.000     -1     -1     -1
 cris-fsr_n20           97  -1    0.450    0.000    2.000   10.000    0.000     -1     -1     -1
 cris-fsr_n20           98  -1    1.000    0.000    2.000   10.000    0.000     -1     -1     -1
 cris-fsr_n20           99  -1    0.450    0.000    2.000   10.000    0.000      1     -1     -1
 cris-fsr_n20          100  -1    1.000    0.000    2.000   10.000    0.000     -1     -1     -1
 cris-fsr_n20          101  -1    0.450    0.000    2.000   10.000    0.000     -1     -1     -1
 cris-fsr_n20          102  -1    0.735    0.000    2.000   10.000    0.000     -1     -1     -1
 cris-fsr_n20          103  -1    0.450    0.000    2.000   10.000    0.000      1     -1     -1
 cris-fsr_n20          104  -1    0.878    0.000    2.000   10.000    0.000     -1     -1     -1
 cris-fsr_n20          105  -1    0.450    0.000    2.000   10.000    0.000     -1     -1     -1
 cris-fsr_n20          106  -1    0.696    0.000    2.000   10.000    0.000     -1     -1     -1
 cris-fsr_n20          107  -1    0.400    0.000    2.000   10.000    0.000      1     -1     -1
 cris-fsr_n20          108  -1    2.000    0.000    2.000   10.000    0.000     -1     -1     -1
 cris-fsr_n20          109  -1    0.400    0.000    2.000   10.000    0.000     -1     -1     -1
 cris-fsr_n20          110  -1    1.000    0.000    2.000   10.000    0.000     -1     -1     -1
 cris-fsr_n20          111  -1    0.400    0.000    2.000   10.000    0.000      1     -1     -1
 cris-fsr_n20          112  -1    1.000    0.000    2.000   10.000    0.000     -1     -1     -1
 cris-fsr_n20          113  -1    0.400    0.000    2.000   10.000    0.000     -1     -1     -1
 cris-fsr_n20          114  -1    1.000    0.000    2.000   10.000    0.000     -1     -1     -1
 cris-fsr_n20          115  -1    0.400    0.000    2.000   10.000    0.000      1     -1     -1
 cris-fsr_n20          116  -1    0.600    0.000    2.000   10.000    0.000     -1     -1     -1
 cris-fsr_n20          117  -1    0.350    0.000    2.000   10.000    0.000     -1     -1     -1
 cris-fsr_n20          118  -1    1.000    0.000    2.000   10.000    0.000     -1     -1     -1
 cris-fsr_n20          119  -1    0.350    0.000    2.000   10.000    0.000      1     -1     -1
 cris-fsr_n20          120  -1    0.701    0.000    2.000   10.000    0.000     -1     -1     -1
 cris-fsr_n20          121  -1    0.350    0.000    2.000   10.000    0.000     -1     -1     -1
 cris-fsr_n20          122  -1    1.000    0.000    2.000   10.000    0.000     -1     -1     -1
 cris-fsr_n20          123  -1    0.350    0.000    2.000   10.000    0.000      1     -1     -1
 cris-fsr_n20          124  -1    0.600    0.000    2.000   10.000    0.000     -1     -1     -1
 cris-fsr_n20          125  -1    0.350    0.000    2.000   10.000    0.000     -1     -1     -1
 cris-fsr_n20          126  -1    0.663    0.000    2.000   10.000    0.000     -1     -1     -1
 cris-fsr_n20          127  -1    0.350    0.000    2.000   10.000    0.000      1     -1     -1
 cris-fsr_n20          128  -1    1.000    0.000    2.000   10.000    0.000     -1     -1     -1
 cris-fsr_n20          129  -1    0.350    0.000    2.000   10.000    0.000     -1     -1     -1
 cris-fsr_n20          130  -1    1.083    0.000    2.000   10.000    0.000     -1     -1     -1
 cris-fsr_n20          131  -1    0.350    0.000    2.000   10.000    0.000      1     -1     -1
 cris-fsr_n20          132  -1    0.600    0.000    2.000   10.000    0.000     -1     -1     -1
 cris-fsr_n20          133  -1    0.350    0.000    2.000   10.000    0.000     -1     -1     -1
 cris-fsr_n20          134  -1    1.000    0.000    2.000   10.000    0.000     -1     -1     -1
 cris-fsr_n20          135  -1    0.350    0.000    2.000   10.000    0.000      1     -1     -1
 cris-fsr_n20          136  -1    0.600    0.000    2.000   10.000    0.000     -1     -1     -1
 cris-fsr_n20          137  -1    0.350    0.000    2.000   10.000    0.000     -1     -1     -1
 cris-fsr_n20          138  -1    0.600    0.000    2.000   10.000    0.000     -1     -1     -1
 cris-fsr_n20          139  -1    0.350    0.000    2.000   10.000    0.000      1     -1     -1
 cris-fsr_n20          140  -1    1.000    0.000    2.000   10.000    0.000     -1     -1     -1
 cris-fsr_n20          141  -1    0.300    0.000    2.000   10.000    0.000     -1     -1     -1
 cris-fsr_n20          142  -1    0.600    0.000    2.000   10.000    0.000     -1     -1     -1
 cris-fsr_n20          143  -1    0.300    0.000    2.000   10.000    0.000      1     -1     -1
 cris-fsr_n20          144  -1    0.600    0.000    2.000   10.000    0.000     -1     -1     -1
 cris-fsr_n20          145  -1    0.300    0.000    2.000   10.000    0.000     -1     -1     -1
 cris-fsr_n20          146  -1    1.000    0.000    2.000   10.000    0.000     -1     -1     -1
 cris-fsr_n20          147  -1    0.300    0.000    2.000   10.000    0.000      1     -1     -1
 cris-fsr_n20          148  -1    0.600    0.000    2.000   10.000    0.000     -1     -1     -1
 cris-fsr_n20          149  -1    0.300    0.000    2.000   10.000    0.000     -1     -1     -1
 cris-fsr_n20          150  -1    0.600    0.000    2.000   10.000    0.000     -1     -1     -1
 cris-fsr_n20          151  -1    0.300    0.000    2.000   10.000    0.000      1     -1     -1
 cris-fsr_n20          152  -1    1.000    0.000    2.000   10.000    0.000     -1     -1     -1
 cris-fsr_n20          153  -1    0.300    0.000    2.000   10.000    0.000     -1     -1     -1
 cris-fsr_n20          154  -1    0.600    0.000    2.000   10.000    0.000     -1     -1     -1
 cris-fsr_n20          155  -1    0.300    0.000    2.000   10.000    0.000      1     -1     -1
 cris-fsr_n20          156  -1    1.000    0.000    2.000   10.000    0.000     -1     -1     -1
 cris-fsr_n20          157  -1    0.300    0.000    2.000   10.000    0.000     -1     -1     -1
 cris-fsr_n20          158  -1    0.773    0.000    2.000   10.000    0.000     -1     -1     -1
 cris-fsr_n20          159  -1    0.300    0.000    2.000   10.000    0.000      1     -1     -1
 cris-fsr_n20          160  -1    0.600    0.000    2.000   10.000    0.000     -1     -1     -1
 cris-fsr_n20          161  -1    0.600    0.000    2.000   10.000    0.000     -1     -1     -1
 cris-fsr_n20          162  -1    0.600    0.000    2.000   10.000    0.000     -1     -1     -1
 cris-fsr_n20          163  -1    0.300    0.000    2.000   10.000    0.000      1     -1     -1
 cris-fsr_n20          164  -1    0.813    0.000    2.000   10.000    0.000     -1     -1     -1
 cris-fsr_n20          165  -1    0.907    0.000    2.000   10.000    0.000     -1     -1     -1
 cris-fsr_n20          166  -1    0.802    0.000    2.000   10.000    0.000     -1     -1     -1
 cris-fsr_n20          167  -1    0.300    0.000    2.000   10.000    0.000      1     -1     -1
 cris-fsr_n20          168  -1    1.493    0.000    2.000   10.000    0.000     -1     -1     -1
 cris-fsr_n20          169  -1    1.000    0.000    2.000   10.000    0.000     -1     -1     -1
 cris-fsr_n20          170  -1    0.856    0.000    2.000   10.000    0.000     -1     -1     -1
 cris-fsr_n20          171  -1    0.300    0.000    2.000   10.000    0.000      1     -1     -1
 cris-fsr_n20          172  -1    1.000    0.000    2.000   10.000    0.000     -1     -1     -1
 cris-fsr_n20          173  -1    0.600    0.000    2.000   10.000    0.000     -1     -1     -1
 cris-fsr_n20          174  -1    1.000    0.000    2.000   10.000    0.000     -1     -1     -1
 cris-fsr_n20          175  -1    0.300    0.000    2.000   10.000    0.000      1     -1     -1
 cris-fsr_n20          176  -1    1.000    0.000    2.000   10.000    0.000     -1     -1     -1
 cris-fsr_n20          177  -1    1.000    0.000    2.000   10.000    0.000     -1     -1     -1
 cris-fsr_n20          178  -1    1.000    0.000    2.000   10.000    0.000     -1     -1     -1
 cris-fsr_n20          179  -1    0.300    0.000    2.000   10.000    0.000      1     -1     -1
 cris-fsr_n20          180  -1    1.000    0.000    2.000   10.000    0.000     -1     -1     -1
 cris-fsr_n20          181  -1    1.000    0.000    2.000   10.000    0.000     -1     -1     -1
 cris-fsr_n20          182  -1    1.000    0.000    2.000   10.000    0.000     -1     -1     -1
 cris-fsr_n20          183  -1    0.300    0.000    2.000   10.000    0.000      1     -1     -1
 cris-fsr_n20          184  -1    1.000    0.000    2.000   10.000    0.000     -1     -1     -1
 cris-fsr_n20          185  -1    1.000    0.000    2.000   10.000    0.000     -1     -1     -1
 cris-fsr_n20          186  -1    1.000    0.000    2.000   10.000    0.000     -1     -1     -1
 cris-fsr_n20          187  -1    0.300    0.000    2.000   10.000    0.000      1     -1     -1
 cris-fsr_n20          188  -1    1.000    0.000    2.000   10.000    0.000     -1     -1     -1
 cris-fsr_n20          189  -1    1.000    0.000    2.000   10.000    0.000     -1     -1     -1
 cris-fsr_n20          190  -1    0.300    0.000    2.000   10.000    0.000      1     -1     -1
 cris-fsr_n20          191  -1    1.000    0.000    2.000   10.000    0.000     -1     -1     -1
 cris-fsr_n20          192  -1    1.000    0.000    2.000   10.000    0.000     -1     -1     -1
 cris-fsr_n20          193  -1    1.000    0.000    2.000   10.000    0.000     -1     -1     -1
 cris-fsr_n20          194  -1    0.300    0.000    2.000   10.000    0.000      1     -1     -1
 cris-fsr_n20          195  -1    1.000    0.000    2.000   10.000    0.000     -1     -1     -1
 cris-fsr_n20          196  -1    1.000    0.000    2.000   10.000    0.000     -1     -1     -1
 cris-fsr_n20          197  -1    0.300    0.000    2.000   10.000    0.000      1     -1     -1
 cris-fsr_n20          198  -1    2.000    0.000    2.000   10.000    0.000     -1     -1     -1
 cris-fsr_n20          199  -1    1.000    0.000    2.000   10.000    0.000     -1     -1     -1
 cris-fsr_n20          200  -1    0.300    0.000    2.000   10.000    0.000      1     -1     -1
 cris-fsr_n20          208  -1    1.000    0.000    2.000   10.000    0.000     -1     -1     -1
 cris-fsr_n20          211  -1    0.300    0.000    2.000   10.000    0.000      1     -1     -1
 cris-fsr_n20          216  -1    1.000    0.000    2.000   10.000    0.000     -1     -1     -1
 cris-fsr_n20          224  -1    0.300    0.000    2.000   10.000    0.000      1     -1     -1
 cris-fsr_n20          234  -1    1.000    0.000    2.000   10.000    0.000     -1     -1     -1
 cris-fsr_n20          236  -1    1.000    0.000    2.000   10.000    0.000     -1     -1     -1
 cris-fsr_n20          238  -1    1.000    0.000    2.000   10.000    0.000     -1     -1     -1
 cris-fsr_n20          239  -1    1.000    0.000    2.000   10.000    0.000     -1     -1     -1
 cris-fsr_n20          242  -1    1.000    0.000    2.000   10.000    0.000     -1     -1     -1
 cris-fsr_n20          246  -1    1.000    0.000    2.000   10.000    0.000     -1     -1     -1
 cris-fsr_n20          248  -1    1.000    0.000    2.000   10.000    0.000     -1     -1     -1
 cris-fsr_n20          255  -1    1.000    0.000    2.000   10.000    0.000     -1     -1     -1
 cris-fsr_n20          264  -1    1.000    0.000    2.000   10.000    0.000     -1     -1     -1
 cris-fsr_n20          266  -1    1.000    0.000    2.000   10.000    0.000     -1     -1     -1
 cris-fsr_n20          268  -1    1.000    0.000    2.000   10.000    0.000     -1     -1     -1
 cris-fsr_n20          275  -1    1.000    0.000    2.000   10.000    0.000     -1     -1     -1
 cris-fsr_n20          279  -1    0.300    0.000    2.000   10.000    0.000      1     -1     -1
 cris-fsr_n20          283  -1    1.000    0.000    2.000   10.000    0.000     -1     -1     -1
 cris-fsr_n20          285  -1    1.000    0.000    2.000   10.000    0.000     -1     -1     -1
 cris-fsr_n20          291  -1    0.300    0.000    2.000   10.000    0.000     -1     -1     -1
 cris-fsr_n20          295  -1    1.000    0.000    2.000   10.000    0.000     -1     -1     -1
 cris-fsr_n20          301  -1    1.000    0.000    2.000   10.000    0.000     -1     -1     -1
 cris-fsr_n20          305  -1    1.000    0.000    2.000   10.000    0.000     -1     -1     -1
 cris-fsr_n20          311  -1    0.300    0.000    2.000   10.000    0.000      1     -1     -1
 cris-fsr_n20          332  -1    0.300    0.000    2.000   10.000    0.000     -1     -1     -1
 cris-fsr_n20          342  -1    0.300    0.000    2.000   10.000    0.000      1     -1     -1
 cris-fsr_n20          389  -1    0.500    0.000    2.000   10.000    0.000      1     -1     -1
 cris-fsr_n20          400  -1    1.000    0.000    2.000   10.000    0.000     -1     -1     -1
 cris-fsr_n20          402  -1    1.000    0.000    2.000   10.000    0.000     -1     -1     -1
 cris-fsr_n20          404  -1    2.000    0.000    2.000   10.000    0.000     -1     -1     -1
 cris-fsr_n20          406  -1    1.000    0.000    2.000   10.000    0.000     -1     -1     -1
 cris-fsr_n20          410  -1    0.500    0.000    2.000   10.000    0.000      1     -1     -1
 cris-fsr_n20          427  -1    0.500    0.000    2.000   10.000    0.000      1     -1     -1
 cris-fsr_n20          439  -1    1.000    0.000    2.000   10.000    0.000     -1     -1     -1
 cris-fsr_n20          440  -1    1.000    0.000    2.000   10.000    0.000     -1     -1     -1
 cris-fsr_n20          441  -1    1.000    0.000    2.000   10.000    0.000     -1     -1     -1
 cris-fsr_n20          445  -1    1.000    0.000    2.000   10.000    0.000     -1     -1     -1
 cris-fsr_n20          449  -1    1.000    0.000    2.000   10.000    0.000     -1     -1     -1
 cris-fsr_n20          455  -1    1.000    0.000    2.000   10.000    0.000     -1     -1     -1
 cris-fsr_n20          458  -1    1.000    0.000    2.000   10.000    0.000     -1     -1     -1
 cris-fsr_n20          461  -1    1.000    0.000    2.000   10.000    0.000     -1     -1     -1
 cris-fsr_n20          464  -1    1.000    0.000    2.000   10.000    0.000      1     -1     -1
 cris-fsr_n20          467  -1    1.000    0.000    2.000   10.000    0.000     -1     -1     -1
 cris-fsr_n20          470  -1    1.000    0.000    2.000   10.000    0.000     -1     -1     -1
 cris-fsr_n20          473  -1    1.000    0.000    2.000   10.000    0.000     -1     -1     -1
 cris-fsr_n20          475  -1    1.000    0.000    2.000   10.000    0.000     -1     -1     -1
 cris-fsr_n20          482  -1    0.500    0.000    2.000   10.000    0.000      1     -1     -1
 cris-fsr_n20          486  -1    1.000    0.000    2.000   10.000    0.000     -1     -1     -1
 cris-fsr_n20          487  -1    1.000    0.000    2.000   10.000    0.000     -1     -1     -1
 cris-fsr_n20          490  -1    1.000    0.000    2.000   10.000    0.000     -1     -1     -1
 cris-fsr_n20          493  -1    1.000    0.000    2.000   10.000    0.000     -1     -1     -1
 cris-fsr_n20          496  -1    1.000    0.000    2.000   10.000    0.000     -1     -1     -1
 cris-fsr_n20          499  -1    1.000    0.000    2.000   10.000    0.000     -1     -1     -1
 cris-fsr_n20          501  -1    0.500    0.000    2.000   10.000    0.000      1     -1     -1
 cris-fsr_n20          503  -1    1.000    0.000    2.000   10.000    0.000     -1     -1     -1
 cris-fsr_n20          505  -1    1.000    0.000    2.000   10.000    0.000     -1     -1     -1
 cris-fsr_n20          511  -1    1.000    0.000    2.000   10.000    0.000     -1     -1     -1
 cris-fsr_n20          513  -1    1.000    0.000    2.000   10.000    0.000     -1     -1     -1
 cris-fsr_n20          514  -1    1.000    0.000    2.000   10.000    0.000     -1     -1     -1
 cris-fsr_n20          518  -1    1.000    0.000    2.000   10.000    0.000     -1     -1     -1
 cris-fsr_n20          519  -1    1.000    0.000    2.000   10.000    0.000     -1     -1     -1
 cris-fsr_n20          520  -1    1.000    0.000    2.000   10.000    0.000     -1     -1     -1
 cris-fsr_n20          522  -1    1.000    0.000    2.000   10.000    0.000     -1     -1     -1
 cris-fsr_n20          529  -1    0.500    0.000    2.000   10.000    0.000      1     -1     -1
 cris-fsr_n20          534  -1    1.000    0.000    2.000   10.000    0.000     -1     -1     -1
 cris-fsr_n20          563  -1    1.000    0.000    2.000   10.000    0.000     -1     -1     -1
 cris-fsr_n20          568  -1    1.000    0.000    2.000   10.000    0.000     -1     -1     -1
 cris-fsr_n20          575  -1    1.000    0.000    2.000   10.000    0.000     -1     -1     -1
 cris-fsr_n20          592  -1    1.000    0.000    2.000   10.000    0.000     -1     -1     -1
 cris-fsr_n20          594  -1    1.000    0.000    2.000   10.000    0.000     -1     -1     -1
 cris-fsr_n20          596  -1    1.000    0.000    2.000   10.000    0.000     -1     -1     -1
 cris-fsr_n20          598  -1    1.000    0.000    2.000   10.000    0.000     -1     -1     -1
 cris-fsr_n20          600  -1    1.000    0.000    2.000   10.000    0.000     -1     -1     -1
 cris-fsr_n20          602  -1    1.000    0.000    2.000   10.000    0.000     -1     -1     -1
 cris-fsr_n20          604  -1    1.000    0.000    2.000   10.000    0.000     -1     -1     -1
 cris-fsr_n20          611  -1    1.000    0.000    2.000   10.000    0.000     -1     -1     -1
 cris-fsr_n20          614  -1    1.000    0.000    2.000   10.000    0.000     -1     -1     -1
 cris-fsr_n20          616  -1    1.000    0.000    2.000   10.000    0.000     -1     -1     -1
 cris-fsr_n20          618  -1    1.000    0.000    2.000   10.000    0.000     -1     -1     -1
 cris-fsr_n20          620  -1    1.000    0.000    2.000   10.000    0.000     -1     -1     -1
 cris-fsr_n20          622  -1    1.000    0.000    2.000   10.000    0.000     -1     -1     -1
 cris-fsr_n20          626  -1    1.000    0.000    2.000   10.000    0.000     -1     -1     -1
 cris-fsr_n20          631  -1    1.000    0.000    2.000   10.000    0.000     -1     -1     -1
 cris-fsr_n20          638  -1    1.000    0.000    2.000   10.000    0.000     -1     -1     -1
 cris-fsr_n20          646  -1    1.000    0.000    2.000   10.000    0.000     -1     -1     -1
 cris-fsr_n20          648  -1    1.000    0.000    2.000   10.000    0.000     -1     -1     -1
 cris-fsr_n20          652  -1    1.000    0.000    2.000   10.000    0.000     -1     -1     -1
 cris-fsr_n20          659  -1    1.000    0.000    2.000   10.000    0.000     -1     -1     -1
 cris-fsr_n20          673  -1    1.000    0.000    2.000   10.000    0.000     -1     -1     -1
 cris-fsr_n20          675  -1    1.000    0.000    2.000   10.000    0.000     -1     -1     -1
 cris-fsr_n20          678  -1    1.000    0.000    2.000   10.000    0.000     -1     -1     -1
 cris-fsr_n20          684  -1    1.000    0.000    2.000   10.000    0.000     -1     -1     -1
 cris-fsr_n20          688  -1    1.000    0.000    2.000   10.000    0.000     -1     -1     -1
 cris-fsr_n20          694  -1    1.000    0.000    2.000   10.000    0.000     -1     -1     -1
 cris-fsr_n20          700  -1    1.000    0.000    2.000   10.000    0.000     -1     -1     -1
 cris-fsr_n20          707  -1    1.000    0.000    2.000   10.000    0.000     -1     -1     -1
 cris-fsr_n20          710  -1    0.500    0.000    2.000   10.000    0.000      1     -1     -1
 cris-fsr_n20          713  -1    0.500    0.000    2.000   10.000    0.000      1     -1     -1
 cris-fsr_n20          714  -1    1.000    0.000    2.000   10.000    0.000     -1     -1     -1
 cris-fsr_n20          718  -1    1.000    0.000    2.000   10.000    0.000     -1     -1     -1
 cris-fsr_n20          720  -1    1.000    0.000    2.000   10.000    0.000     -1     -1     -1
 cris-fsr_n20          722  -1    1.000    0.000    2.000   10.000    0.000     -1     -1     -1
 cris-fsr_n20          725  -1    1.000    0.000    2.000   10.000    0.000     -1     -1     -1
 cris-fsr_n20          728  -1    1.000    0.000    2.000   10.000    0.000     -1     -1     -1
 cris-fsr_n20          735  -1    1.000    0.000    2.000   10.000    0.000     -1     -1     -1
 cris-fsr_n20          742  -1    0.500    0.000    2.000   10.000    0.000     -1     -1     -1
 cris-fsr_n20          748  -1    1.000    0.000    2.000   10.000    0.000     -1     -1     -1
 cris-fsr_n20          753  -1    1.000    0.000    2.000   10.000    0.000     -1     -1     -1
 cris-fsr_n20          762  -1    1.000    0.000    2.000   10.000    0.000     -1     -1     -1
 cris-fsr_n20          780  -1    1.000    0.000    2.000   10.000    0.000     -1     -1     -1
 cris-fsr_n20          784  -1    1.000    0.000    2.000   10.000    0.000     -1     -1     -1
 cris-fsr_n20          798  -1    1.000    0.000    2.000   10.000    0.000     -1     -1     -1
 cris-fsr_n20          849  -1    1.000    0.000    2.000   10.000    0.000     -1     -1     -1
 cris-fsr_n20          860  -1    1.000    0.000    2.000   10.000    0.000     -1     -1     -1
 cris-fsr_n20          862  -1    1.000    0.000    2.000   10.000    0.000     -1     -1     -1
 cris-fsr_n20          866  -1    1.000    0.000    2.000   10.000    0.000     -1     -1     -1
 cris-fsr_n20          874  -1    1.000    0.000    2.000   10.000    0.000     -1     -1     -1
 cris-fsr_n20          882  -1    1.500    0.000    0.900   10.000    0.000     -1     -1     -1
 cris-fsr_n20          890  -1    1.500    0.000    0.900   10.000    0.000     -1     -1     -1
 cris-fsr_n20          898  -1    1.000    0.000    2.000   10.000    0.000     -1     -1     -1
 cris-fsr_n20          906  -1    1.000    0.000    2.000   10.000    0.000     -1     -1     -1
 cris-fsr_n20          907  -1    1.000    0.000    2.000   10.000    0.000     -1     -1     -1
 cris-fsr_n20          908  -1    1.000    0.000    2.000   10.000    0.000     -1     -1     -1
 cris-fsr_n20          914  -1    1.000    0.000    2.000   10.000    0.000     -1     -1     -1
 cris-fsr_n20          937  -1    1.500    0.000    0.900   10.000    0.000     -1     -1     -1
 cris-fsr_n20          972  -1    1.000    0.000    2.000   10.000    0.000     -1     -1     -1
 cris-fsr_n20          973  -1    1.000    0.000    2.000   10.000    0.000     -1     -1     -1
 cris-fsr_n20          978  -1    1.000    0.000    2.000   10.000    0.000     -1     -1     -1
 cris-fsr_n20          980  -1    1.000    0.000    2.000   10.000    0.000     -1     -1     -1
 cris-fsr_n20          981  -1    1.000    0.000    2.000   10.000    0.000     -1     -1     -1
 cris-fsr_n20          988  -1    1.000    0.000    2.000   10.000    0.000     -1     -1     -1
 cris-fsr_n20          995  -1    1.500    0.000    0.900   10.000    0.000     -1     -1     -1
 cris-fsr_n20          998  -1    1.000    0.000    2.000   10.000    0.000     -1     -1     -1
 cris-fsr_n20         1000  -1    1.000    0.000    2.000   10.000    0.000     -1     -1     -1
 cris-fsr_n20         1003  -1    1.000    0.000    2.000   10.000    0.000     -1     -1     -1
 cris-fsr_n20         1008  -1    1.500    0.000    0.900   10.000    0.000     -1     -1     -1
 cris-fsr_n20         1009  -1    1.000    0.000    2.000   10.000    0.000     -1     -1     -1
 cris-fsr_n20         1010  -1    1.000    0.000    2.000   10.000    0.000     -1     -1     -1
 cris-fsr_n20         1014  -1    1.000    0.000    2.000   10.000    0.000     -1     -1     -1
 cris-fsr_n20         1017  -1    1.000    0.000    2.000   10.000    0.000     -1     -1     -1
 cris-fsr_n20         1018  -1    1.000    0.000    2.000   10.000    0.000     -1     -1     -1
 cris-fsr_n20         1020  -1    1.000    0.000    2.000   10.000    0.000     -1     -1     -1
 cris-fsr_n20         1022  -1    1.500    0.000    0.900   10.000    0.000     -1     -1     -1
 cris-fsr_n20         1024  -1    1.000    0.000    2.000   10.000    0.000     -1     -1     -1
 cris-fsr_n20         1026  -1    1.000    0.000    2.000   10.000    0.000     -1     -1     -1
 cris-fsr_n20         1029  -1    1.000    0.000    2.000   10.000    0.000     -1     -1     -1
 cris-fsr_n20         1030  -1    1.000    0.000    2.000   10.000    0.000     -1     -1     -1
 cris-fsr_n20         1032  -1    1.000    0.000    2.000   10.000    0.000     -1     -1     -1
 cris-fsr_n20         1034  -1    1.000    0.000    2.000   10.000    0.000     -1     -1     -1
 cris-fsr_n20         1037  -1    1.000    0.000    2.000   10.000    0.000     -1     -1     -1
 cris-fsr_n20         1038  -1    1.000    0.000    2.000   10.000    0.000     -1     -1     -1
 cris-fsr_n20         1041  -1    1.000    0.000    2.000   10.000    0.000     -1     -1     -1
 cris-fsr_n20         1042  -1    1.000    0.000    2.000   10.000    0.000     -1     -1     -1
 cris-fsr_n20         1044  -1    1.000    0.000    2.000   10.000    0.000     -1     -1     -1
 cris-fsr_n20         1046  -1    1.000    0.000    2.000   10.000    0.000     -1     -1     -1
 cris-fsr_n20         1049  -1    1.000    0.000    2.000   10.000    0.000     -1     -1     -1
 cris-fsr_n20         1050  -1    1.000    0.000    2.000   10.000    0.000     -1     -1     -1
 cris-fsr_n20         1053  -1    1.000    0.000    2.000   10.000    0.000     -1     -1     -1
 cris-fsr_n20         1054  -1    1.000    0.000    2.000   10.000    0.000     -1     -1     -1
 cris-fsr_n20         1058  -1    1.500    0.000    0.900   10.000    0.000     -1     -1     -1
 cris-fsr_n20         1060  -1    1.000    0.000    2.000   10.000    0.000     -1     -1     -1
 cris-fsr_n20         1062  -1    1.000    0.000    2.000   10.000    0.000     -1     -1     -1
 cris-fsr_n20         1064  -1    1.000    0.000    2.000   10.000    0.000     -1     -1     -1
 cris-fsr_n20         1066  -1    1.000    0.000    2.000   10.000    0.000     -1     -1     -1
 cris-fsr_n20         1069  -1    1.000    0.000    2.000   10.000    0.000     -1     -1     -1
 cris-fsr_n20         1076  -1    1.000    0.000    2.000   10.000    0.000     -1     -1     -1
 cris-fsr_n20         1077  -1    1.000    0.000    2.000   10.000    0.000     -1     -1     -1
 cris-fsr_n20         1080  -1    1.000    0.000    2.000   10.000    0.000     -1     -1     -1
 cris-fsr_n20         1086  -1    1.000    0.000    2.000   10.000    0.000     -1     -1     -1
 cris-fsr_n20         1091  -1    1.000    0.000    2.000   10.000    0.000     -1     -1     -1
 cris-fsr_n20         1095  -1    1.000    0.000    2.000   10.000    0.000     -1     -1     -1
 cris-fsr_n20         1101  -1    1.000    0.000    2.000   10.000    0.000     -1     -1     -1
 cris-fsr_n20         1109  -1    1.000    0.000    2.000   10.000    0.000     -1     -1     -1
 cris-fsr_n20         1112  -1    1.000    0.000    2.000   10.000    0.000     -1     -1     -1
 cris-fsr_n20         1121  -1    1.000    0.000    2.000   10.000    0.000     -1     -1     -1
 cris-fsr_n20         1128  -1    1.000    0.000    2.000   10.000    0.000     -1     -1     -1
 cris-fsr_n20         1133  -1    1.000    0.000    2.000   10.000    0.000     -1     -1     -1
 cris-fsr_n20         1163  -1    1.000    0.000    2.000   10.000    0.000     -1     -1     -1
 cris-fsr_n20         1172  -1    1.000    0.000    2.000   10.000    0.000     -1     -1     -1
 cris-fsr_n20         1187  -1    1.000    0.000    2.000   10.000    0.000     -1     -1     -1
 cris-fsr_n20         1189  -1    1.000    0.000    2.000   10.000    0.000     -1     -1     -1
 cris-fsr_n20         1205  -1    1.000    0.000    2.000   10.000    0.000     -1     -1     -1
 cris-fsr_n20         1211  -1    1.000    0.000    2.000   10.000    0.000     -1     -1     -1
 cris-fsr_n20         1219  -1    1.000    0.000    2.000   10.000    0.000     -1     -1     -1
 cris-fsr_n20         1231  -1    1.000    0.000    2.000   10.000    0.000     -1     -1     -1
 cris-fsr_n20         1245  -1    1.000    0.000    2.000   10.000    0.000     -1     -1     -1
 cris-fsr_n20         1271  -1    1.000    0.000    2.000   10.000    0.000     -1     -1     -1
 cris-fsr_n20         1289  -1    1.000    0.000    2.000   10.000    0.000     -1     -1     -1
 cris-fsr_n20         1300  -1    1.000    0.000    2.000   10.000    0.000     -1     -1     -1
 cris-fsr_n20         1313  -1    1.000    0.000    2.000   10.000    0.000     -1     -1     -1
 cris-fsr_n20         1316  -1    1.000    0.000    2.000   10.000    0.000     -1     -1     -1
 cris-fsr_n20         1325  -1    1.000    0.000    2.000   10.000    0.000     -1     -1     -1
 cris-fsr_n20         1329  -1    1.000    0.000    2.000   10.000    0.000     -1     -1     -1
 cris-fsr_n20         1346  -1    1.000    0.000    2.000   10.000    0.000     -1     -1     -1
 cris-fsr_n20         1347  -1    1.000    0.000    2.000   10.000    0.000     -1     -1     -1
 cris-fsr_n20         1473  -1    1.000    0.000    2.000   10.000    0.000     -1     -1     -1
 cris-fsr_n20         1474  -1    1.000    0.000    2.000   10.000    0.000     -1     -1     -1
 cris-fsr_n20         1491  -1    1.000    0.000    2.000   10.000    0.000     -1     -1     -1
 cris-fsr_n20         1499  -1    1.000    0.000    2.000   10.000    0.000     -1     -1     -1
 cris-fsr_n20         1553  -1    1.000    0.000    2.000   10.000    0.000     -1     -1     -1
 cris-fsr_n20         1570  -1    1.000    0.000    2.000   10.000    0.000     -1     -1     -1
 cris-fsr_n20         1596  -1    1.000    0.000    2.000   10.000    0.000     -1     -1     -1
 cris-fsr_n20         1602  -1    1.000    0.000    2.000   10.000    0.000     -1     -1     -1
 cris-fsr_n20         1619  -1    1.000    0.000    2.000   10.000    0.000     -1     -1     -1
 cris-fsr_n20         1624  -1    1.000    0.000    2.000   10.000    0.000     -1     -1     -1
 cris-fsr_n20         1635  -1    1.000    0.000    2.000   10.000    0.000     -1     -1     -1
 cris-fsr_n20         1939  -1    1.000    0.000    2.000   10.000    0.000     -1     -1     -1
 cris-fsr_n20         1940  -1    1.000    0.000    2.000   10.000    0.000     -1     -1     -1
 cris-fsr_n20         1941  -1    1.000    0.000    2.000   10.000    0.000     -1     -1     -1
 cris-fsr_n20         1942  -1    1.000    0.000    2.000   10.000    0.000     -1     -1     -1
 cris-fsr_n20         1943  -1    1.000    0.000    2.000   10.000    0.000     -1     -1     -1
 cris-fsr_n20         1944  -1    1.000    0.000    2.000   10.000    0.000     -1     -1     -1
 cris-fsr_n20         1945  -1    1.000    0.000    2.000   10.000    0.000     -1     -1     -1
 cris-fsr_n20         1946  -1    1.000    0.000    2.000   10.000    0.000     -1     -1     -1
 cris-fsr_n20         1947  -1    1.000    0.000    2.000   10.000    0.000     -1     -1     -1
 cris-fsr_n20         1948  -1    1.000    0.000    2.000   10.000    0.000     -1     -1     -1
 cris-fsr_n20         1949  -1    1.000    0.000    2.000   10.000    0.000     -1     -1     -1
 cris-fsr_n20         1950  -1    1.000    0.000    2.000   10.000    0.000     -1     -1     -1
 cris-fsr_n20         1951  -1    1.000    0.000    2.000   10.000    0.000     -1     -1     -1
 cris-fsr_n20         1952  -1    1.000    0.000    2.000   10.000    0.000     -1     -1     -1
 cris-fsr_n20         1953  -1    1.000    0.000    2.000   10.000    0.000     -1     -1     -1
 cris-fsr_n20         1954  -1    1.000    0.000    2.000   10.000    0.000     -1     -1     -1
 cris-fsr_n20         1955  -1    1.000    0.000    2.000   10.000    0.000     -1     -1     -1
 cris-fsr_n20         1956  -1    1.000    0.000    2.000   10.000    0.000     -1     -1     -1
 cris-fsr_n20         1957  -1    1.000    0.000    2.000   10.000    0.000     -1     -1     -1
 cris-fsr_n20         1958  -1    1.000    0.000    2.000   10.000    0.000     -1     -1     -1
 cris-fsr_n20         1959  -1    1.000    0.000    2.000   10.000    0.000     -1     -1     -1
 cris-fsr_n20         1960  -1    1.000    0.000    2.000   10.000    0.000     -1     -1     -1
 cris-fsr_n20         1961  -1    1.000    0.000    2.000   10.000    0.000     -1     -1     -1
 cris-fsr_n20         1962  -1    1.000    0.000    2.000   10.000    0.000     -1     -1     -1
 cris-fsr_n20         1963  -1    1.000    0.000    2.000   10.000    0.000     -1     -1     -1
 cris-fsr_n20         1964  -1    1.000    0.000    2.000   10.000    0.000     -1     -1     -1
 cris-fsr_n20         1965  -1    1.000    0.000    2.000   10.000    0.000     -1     -1     -1
 cris-fsr_n20         1966  -1    1.000    0.000    2.000   10.000    0.000     -1     -1     -1
 cris-fsr_n20         1967  -1    1.000    0.000    2.000   10.000    0.000     -1     -1     -1
 cris-fsr_n20         1968  -1    1.000    0.000    2.000   10.000    0.000     -1     -1     -1
 cris-fsr_n20         1969  -1    1.000    0.000    2.000   10.000    0.000     -1     -1     -1
 cris-fsr_n20         1970  -1    1.000    0.000    2.000   10.000    0.000     -1     -1     -1
 cris-fsr_n20         1971  -1    1.000    0.000    2.000   10.000    0.000     -1     -1     -1
 cris-fsr_n20         1972  -1    1.000    0.000    2.000   10.000    0.000     -1     -1     -1
 cris-fsr_n20         1973  -1    1.000    0.000    2.000   10.000    0.000     -1     -1     -1
 cris-fsr_n20         1974  -1    1.000    0.000    2.000   10.000    0.000     -1     -1     -1
 cris-fsr_n20         1975  -1    1.000    0.000    2.000   10.000    0.000     -1     -1     -1
 cris-fsr_n20         1976  -1    1.000    0.000    2.000   10.000    0.000     -1     -1     -1
 cris-fsr_n20         1977  -1    1.000    0.000    2.000   10.000    0.000     -1     -1     -1
 cris-fsr_n20         1978  -1    1.000    0.000    2.000   10.000    0.000     -1     -1     -1
 cris-fsr_n20         1979  -1    1.000    0.000    2.000   10.000    0.000     -1     -1     -1
 cris-fsr_n20         1980  -1    1.000    0.000    2.000   10.000    0.000     -1     -1     -1
 cris-fsr_n20         1981  -1    1.000    0.000    2.000   10.000    0.000     -1     -1     -1
 cris-fsr_n20         1982  -1    1.000    0.000    2.000   10.000    0.000     -1     -1     -1
 cris-fsr_n20         1983  -1    1.000    0.000    2.000   10.000    0.000     -1     -1     -1
 cris-fsr_n20         1984  -1    1.000    0.000    2.000   10.000    0.000     -1     -1     -1
 cris-fsr_n20         1985  -1    1.000    0.000    2.000   10.000    0.000     -1     -1     -1
 cris-fsr_n20         1986  -1    1.000    0.000    2.000   10.000    0.000     -1     -1     -1
 cris-fsr_n20         1987  -1    1.000    0.000    2.000   10.000    0.000     -1     -1     -1
 cris-fsr_n20         2119  -1    1.000    0.000    2.000   10.000    0.000     -1     -1     -1
 cris-fsr_n20         2140  -1    1.000    0.000    2.000   10.000    0.000     -1     -1     -1
 cris-fsr_n20         2143  -1    1.000    0.000    2.000   10.000    0.000     -1     -1     -1
 cris-fsr_n20         2147  -1    1.000    0.000    2.000   10.000    0.000     -1     -1     -1
 cris-fsr_n20         2153  -1    1.000    0.000    2.000   10.000    0.000     -1     -1     -1
 cris-fsr_n20         2158  -1    1.000    0.000    2.000   10.000    0.000     -1     -1     -1
 cris-fsr_n20         2161  -1    1.000    0.000    2.000   10.000    0.000     -1     -1     -1
 cris-fsr_n20         2168  -1    1.000    0.000    2.000   10.000    0.000     -1     -1     -1
 cris-fsr_n20         2171  -1    1.000    0.000    2.000   10.000    0.000     -1     -1     -1
 cris-fsr_n20         2175  -1    1.000    0.000    2.000   10.000    0.000     -1     -1     -1
 cris-fsr_n20         2182  -1    1.000    0.000    2.000   10.000    0.000     -1     -1     -1
