 ssmis_f17               1  -1    1.500    0.000    6.000   10.000    0.000     -2     -1     -1
 ssmis_f17               2  -1    0.500    0.000    6.000   10.000    0.000     -2     -1     -1
 ssmis_f17               3  -1    0.500    0.000    6.000   10.000    0.000     -2     -1     -1
 ssmis_f17               4  -1    0.500    0.000    6.000   10.000    0.000     -2     -1     -1
 ssmis_f17               5   1    0.500    0.000    6.000   10.000    0.000     -2     -1     -1
 ssmis_f17               6   1    1.000    0.000    6.000   10.000    0.000     -2     -1     -1
 ssmis_f17               7   1    1.000    0.000    6.000   10.000    0.000     -2     -1     -1
 ssmis_f17               8  -1    3.000    0.000    6.000   10.000    0.000     -2     -1     -1
 ssmis_f17               9  -1    3.000    0.000    6.000   10.000    0.000     -2     -1     -1
 ssmis_f17              10  -1    3.000    0.000    6.000   10.000    0.000     -2     -1     -1
 ssmis_f17              11  -1    3.000    0.000    6.000   10.000    0.000     -2     -1     -1
 ssmis_f17              12  -1    2.400    0.000    6.000   10.000    0.000     -2     -1     -1
 ssmis_f17              13  -1    1.270    0.000    6.000   10.000    0.000     -2     -1     -1
 ssmis_f17              14  -1    1.440    0.000    6.000   10.000    0.000     -2     -1     -1
 ssmis_f17              15  -1    3.000    0.000    6.000   10.000    0.000     -2     -1     -1
 ssmis_f17              16  -1    1.340    0.000    6.000   10.000    0.000     -2     -1     -1
 ssmis_f17              17  -1    1.740    0.000    6.000   10.000    0.000     -2     -1     -1
 ssmis_f17              18  -1    3.750    0.000    6.000   10.000    0.000     -2     -1     -1
 ssmis_f17              19  -1    3.000    0.000    6.000   10.000    0.000     -2     -1     -1
 ssmis_f17              20  -1    3.000    0.000    6.000   10.000    0.000     -2     -1     -1
 ssmis_f17              21  -1    2.000    0.000    6.000   10.000    0.000     -2     -1     -1
 ssmis_f17              22  -1    6.400    0.000    6.000   10.000    0.000     -2     -1     -1
 ssmis_f17              23   1    1.000    0.000    6.000   10.000    0.000     -2     -1     -1
 ssmis_f17              24   1    1.000    0.000    6.000   10.000    0.000     -2     -1     -1
