 ssmis_f16               1  -1    1.500    0.000    6.000   10.000    0.000     -2     -1     -1
 ssmis_f16               2  -1    0.500    0.000    6.000   10.000    0.000     -2     -1     -1
 ssmis_f16               3  -1    0.500    0.000    6.000   10.000    0.000     -2     -1     -1
 ssmis_f16               4  -1    0.500    0.000    6.000   10.000    0.000     -2     -1     -1
 ssmis_f16               5  -1    0.500    0.000    6.000   10.000    0.000     -2     -1     -1
 ssmis_f16               6  -1    1.000    0.000    6.000   10.000    0.000     -2     -1     -1
 ssmis_f16               7  -1    1.000    0.000    6.000   10.000    0.000     -2     -1     -1
 ssmis_f16               8  -1    3.000    0.000    6.000   10.000    0.000     -2     -1     -1
 ssmis_f16               9  -1    3.000    0.000    6.000   10.000    0.000     -2     -1     -1
 ssmis_f16              10  -1    3.000    0.000    6.000   10.000    0.000     -2     -1     -1
 ssmis_f16              11  -1    3.000    0.000    6.000   10.000    0.000     -2     -1     -1
 ssmis_f16              12  -1    2.400    0.000    6.000   10.000    0.000     -2     -1     -1
 ssmis_f16              13  -1    1.270    0.000    6.000   10.000    0.000     -2     -1     -1
 ssmis_f16              14  -1    1.440    0.000    6.000   10.000    0.000     -2     -1     -1
 ssmis_f16              15  -1    3.000    0.000    6.000   10.000    0.000     -2     -1     -1
 ssmis_f16              16  -1    1.340    0.000    6.000   10.000    0.000     -2     -1     -1
 ssmis_f16              17  -1    1.740    0.000    6.000   10.000    0.000     -2     -1     -1
 ssmis_f16              18  -1    3.750    0.000    6.000   10.000    0.000     -2     -1     -1
 ssmis_f16              19  -1    3.000    0.000    6.000   10.000    0.000     -2     -1     -1
 ssmis_f16              20  -1    3.000    0.000    6.000   10.000    0.000     -2     -1     -1
 ssmis_f16              21  -1    2.000    0.000    6.000   10.000    0.000     -2     -1     -1
 ssmis_f16              22   1    6.400    0.000    6.000   10.000    0.000     -2     -1     -1
 ssmis_f16              23   1    1.000    0.000    6.000   10.000    0.000     -2     -1     -1
 ssmis_f16              24   1    1.000    0.000    6.000   10.000    0.000     -2     -1     -1
