 sndr_g12                1  -1    0.900    0.000    2.000   10.000    0.000     -1     -1     -1
 sndr_g12                2  -1    0.720    0.000    2.000   10.000    0.000     -1     -1     -1
 sndr_g12                3  -1    0.600    0.000    2.000   10.000    0.000     -1     -1     -1
 sndr_g12                4  -1    0.500    0.000    2.000   10.000    0.000     -1     -1     -1
 sndr_g12                5  -1    0.910    0.000    2.000   10.000    0.000     -1     -1     -1
 sndr_g12                6  -1    0.990    0.000    2.000   10.000    0.000     -1     -1     -1
 sndr_g12                7  -1    1.080    0.000    2.500   10.000    0.000     -1     -1     -1
 sndr_g12                8  -1    2.000    0.000    3.000   10.000    0.000     -1     -1     -1
 sndr_g12                9  -1    2.600    0.000    3.500   10.000    0.000     -1     -1     -1
 sndr_g12               10  -1    1.800    0.000    2.500   10.000    0.000     -1     -1     -1
 sndr_g12               11  -1    2.300    0.000    3.500   10.000    0.000     -1     -1     -1
 sndr_g12               12  -1    2.800    0.000    4.500   10.000    0.000     -1     -1     -1
 sndr_g12               13  -1    0.900    0.000    2.000   10.000    0.000     -1     -1     -1
 sndr_g12               14  -1    0.800    0.000    2.000   10.000    0.000     -1     -1     -1
 sndr_g12               15  -1    2.000    0.000    3.500   10.000    0.000     -1     -1     -1
 sndr_g12               16  -1    1.080    0.000    2.500   10.000    0.000     -1     -1     -1
 sndr_g12               17  -1    2.000    0.000    4.500   10.000    0.000     -1     -1     -1
 sndr_g12               18  -1    2.000    0.000    4.500   10.000    0.000     -1     -1     -1
