 atms_npp                1   1    4.500   20.000    4.500   10.000    0.000     -2      1     -1
 atms_npp                2   1    4.500   25.000    4.500   10.000    0.000     -2      1     -1
 atms_npp                3   1    4.500   12.000    3.000   10.000    0.000     -2      1     -1
 atms_npp                4   1    2.500    7.000    3.000   10.000    0.000     -2      1     -1
 atms_npp                5   1    0.550    3.500    1.000   10.000    0.000     -2      1     -1
 atms_npp                6   1    0.300    3.000    1.000   10.000    0.000     -2      1     -1
 atms_npp                7   1    0.300    0.800    1.000   10.000    0.000     -2      1     -1
 atms_npp                8   1    0.400    0.400    1.000   10.000    0.000     -2      1     -1
 atms_npp                9   1    0.400    0.400    1.000   10.000    0.000     -2      1     -1
 atms_npp               10   1    0.400    0.400    1.000   10.000    0.000     -2      1     -1
 atms_npp               11   1    0.450    0.450    1.000   10.000    0.000     -2      1     -1
 atms_npp               12   1    0.450    0.450    1.000   10.000    0.000     -2      1     -1
 atms_npp               13   1    0.550    0.550    1.000   10.000    0.000     -2      1     -1
 atms_npp               14   1    0.800    0.800    2.000   10.000    0.000     -2      1     -1
 atms_npp               15   4    4.000    4.000    4.500   10.000    0.000     -2      1     -1
 atms_npp               16   1    4.000   19.000    4.500   10.000    0.000     -2      1     -1
 atms_npp               17   1    4.000   30.000    2.000   10.000    0.000     -2      1     -1
 atms_npp               18   1    3.500   25.000    2.000   10.000    0.000     -2      1     -1
 atms_npp               19   1    3.000   16.500    2.000   10.000    0.000     -2      1     -1
 atms_npp               20   1    3.000   12.000    2.000   10.000    0.000     -2      1     -1
 atms_npp               21   1    3.000    9.000    2.000   10.000    0.000     -2      1     -1
 atms_npp               22   1    3.000    6.500    2.000   10.000    0.000     -2      1     -1
