 hirs3_n17               1  -1    2.000    0.000    4.500   10.000    0.000     -1     -1     -1
 hirs3_n17               2   1    0.600    0.000    2.500   10.000    0.000      1     -1     -1
 hirs3_n17               3   1    0.530    0.000    2.500   10.000    0.000      1     -1     -1
 hirs3_n17               4   1    0.400    0.000    2.000   10.000    0.000      1     -1     -1
 hirs3_n17               5   1    0.360    0.000    2.000   10.000    0.000      1     -1     -1
 hirs3_n17               6   1    0.460    0.000    2.000   10.000    0.000      1     -1     -1
 hirs3_n17               7   1    0.570    0.000    2.500   10.000    0.000      1     -1     -1
 hirs3_n17               8   1    1.000    0.000    3.000   10.000    0.000      1     -1     -1
 hirs3_n17               9   1    1.100    0.000    3.500   10.000    0.000     -1     -1     -1
 hirs3_n17              10   1    0.600    0.000    2.500   10.000    0.000      1     -1     -1
 hirs3_n17              11   1    1.200    0.000    3.500   10.000    0.000      1     -1     -1
 hirs3_n17              12   1    1.600    0.000    4.500   10.000    0.000      1     -1     -1
 hirs3_n17              13   1    0.364    0.000    2.000   10.000    0.000      1     -1     -1
 hirs3_n17              14   1    0.260    0.000    2.000   10.000    0.000      1     -1     -1
 hirs3_n17              15   1    0.260    0.000    2.000   10.000    0.000      1     -1     -1
 hirs3_n17              16  -1    1.000    0.000    3.500   10.000    0.000     -1     -1     -1
 hirs3_n17              17  -1    2.000    0.000    4.500   10.000    0.000     -1     -1     -1
 hirs3_n17              18  -1    2.000    0.000    4.500   10.000    0.000     -1     -1     -1
 hirs3_n17              19  -1    2.000    0.000    4.500   10.000    0.000     -1     -1     -1
