 gmi_gpm                 1  -1    2.700   25.000   30.000   40.000    0.000      1      1     -1
 gmi_gpm                 2  -1    3.700   40.000   30.000   40.000    0.000      1      1     -1
 gmi_gpm                 3  -1    3.500   40.000   15.000   40.000    0.000      1      1     -1
 gmi_gpm                 4  -1    4.500   55.000   30.000   40.000    0.000      1      1     -1
 gmi_gpm                 5  -1    4.000   35.000   15.000   40.000    0.000      1      1     -1
 gmi_gpm                 6  -1    3.800   25.000   30.000   40.000    0.000      1      1     -1
 gmi_gpm                 7  -1  300.000  500.000    5.000   40.000    0.000      1      1     -1
 gmi_gpm                 8  -1    5.000   50.000   15.000   40.000    0.000      1      1     -1
 gmi_gpm                 9  -1   11.500   50.000   20.000   40.000    0.000      1      1     -1
 gmi_gpm                10  -1    5.000   50.000   20.000   40.000    0.000      1      1     -1
 gmi_gpm                11  -1    5.000   50.000   20.000   40.000    0.000      1      1     -1
 gmi_gpm                12  -1    2.500   30.000   10.000   40.000    0.000      1      1     -1
 gmi_gpm                13  -1    3.000   40.000   10.000   40.000    0.000      1      1     -1
