 cris-fsr_npp           19  -1    1.000    0.000    2.000   10.000    0.000     -1     -1     -1
 cris-fsr_npp           24   1    0.700    0.000    2.000   10.000    0.000      1     -1     -1
 cris-fsr_npp           26   1    0.700    0.000    2.000   10.000    0.000     -1     -1     -1
 cris-fsr_npp           27  -1    0.700    0.000    2.000   10.000    0.000     -1     -1     -1
 cris-fsr_npp           28   1    0.700    0.000    2.000   10.000    0.000     -1     -1     -1
 cris-fsr_npp           31  -1    1.359    0.000    2.000   10.000    0.000     -1     -1     -1
 cris-fsr_npp           32   1    0.600    0.000    2.000   10.000    0.000      1     -1     -1
 cris-fsr_npp           33  -1    0.600    0.000    2.000   10.000    0.000     -1     -1     -1
 cris-fsr_npp           37   1    0.600    0.000    2.000   10.000    0.000      1     -1     -1
 cris-fsr_npp           39   1    0.600    0.000    2.000   10.000    0.000     -1     -1     -1
 cris-fsr_npp           42   1    0.600    0.000    2.000   10.000    0.000      1     -1     -1
 cris-fsr_npp           44   1    0.600    0.000    2.000   10.000    0.000     -1     -1     -1
 cris-fsr_npp           47   1    0.600    0.000    2.000   10.000    0.000      1     -1     -1
 cris-fsr_npp           49   1    0.600    0.000    2.000   10.000    0.000     -1     -1     -1
 cris-fsr_npp           50  -1    1.000    0.000    2.000   10.000    0.000     -1     -1     -1
 cris-fsr_npp           51   1    0.600    0.000    2.000   10.000    0.000      1     -1     -1
 cris-fsr_npp           52  -1    1.000    0.000    2.000   10.000    0.000     -1     -1     -1
 cris-fsr_npp           53   1    0.600    0.000    2.000   10.000    0.000     -1     -1     -1
 cris-fsr_npp           54  -1    1.000    0.000    2.000   10.000    0.000     -1     -1     -1
 cris-fsr_npp           55   1    0.500    0.000    2.000   10.000    0.000      1     -1     -1
 cris-fsr_npp           56  -1    1.000    0.000    2.000   10.000    0.000     -1     -1     -1
 cris-fsr_npp           57   1    0.500    0.000    2.000   10.000    0.000     -1     -1     -1
 cris-fsr_npp           58  -1    1.000    0.000    2.000   10.000    0.000     -1     -1     -1
 cris-fsr_npp           59   1    0.600    0.000    2.000   10.000    0.000      1     -1     -1
 cris-fsr_npp           60  -1    1.000    0.000    2.000   10.000    0.000     -1     -1     -1
 cris-fsr_npp           61   1    0.500    0.000    2.000   10.000    0.000     -1     -1     -1
 cris-fsr_npp           62  -1    1.000    0.000    2.000   10.000    0.000     -1     -1     -1
 cris-fsr_npp           63   1    0.500    0.000    2.000   10.000    0.000      1     -1     -1
 cris-fsr_npp           64  -1    0.756    0.000    2.000   10.000    0.000     -1     -1     -1
 cris-fsr_npp           65   1    0.500    0.000    2.000   10.000    0.000     -1     -1     -1
 cris-fsr_npp           66  -1    1.000    0.000    2.000   10.000    0.000     -1     -1     -1
 cris-fsr_npp           67   1    0.500    0.000    2.000   10.000    0.000      1     -1     -1
 cris-fsr_npp           68  -1    1.000    0.000    2.000   10.000    0.000     -1     -1     -1
 cris-fsr_npp           69   1    0.500    0.000    2.000   10.000    0.000     -1     -1     -1
 cris-fsr_npp           70  -1    1.000    0.000    2.000   10.000    0.000     -1     -1     -1
 cris-fsr_npp           71   1    0.500    0.000    2.000   10.000    0.000      1     -1     -1
 cris-fsr_npp           72  -1    1.000    0.000    2.000   10.000    0.000     -1     -1     -1
 cris-fsr_npp           73   1    0.500    0.000    2.000   10.000    0.000     -1     -1     -1
 cris-fsr_npp           74  -1    1.000    0.000    2.000   10.000    0.000     -1     -1     -1
 cris-fsr_npp           75   1    0.500    0.000    2.000   10.000    0.000      1     -1     -1
 cris-fsr_npp           76  -1    1.000    0.000    2.000   10.000    0.000     -1     -1     -1
 cris-fsr_npp           77   1    0.500    0.000    2.000   10.000    0.000     -1     -1     -1
 cris-fsr_npp           78  -1    1.000    0.000    2.000   10.000    0.000     -1     -1     -1
 cris-fsr_npp           79   1    0.500    0.000    2.000   10.000    0.000      1     -1     -1
 cris-fsr_npp           80  -1    0.600    0.000    2.000   10.000    0.000     -1     -1     -1
 cris-fsr_npp           81   1    0.500    0.000    2.000   10.000    0.000     -1     -1     -1
 cris-fsr_npp           82  -1    1.000    0.000    2.000   10.000    0.000     -1     -1     -1
 cris-fsr_npp           83   1    0.500    0.000    2.000   10.000    0.000      1     -1     -1
 cris-fsr_npp           84  -1    1.000    0.000    2.000   10.000    0.000     -1     -1     -1
 cris-fsr_npp           85   1    0.500    0.000    2.000   10.000    0.000     -1     -1     -1
 cris-fsr_npp           86  -1    1.000    0.000    2.000   10.000    0.000     -1     -1     -1
 cris-fsr_npp           87   1    0.500    0.000    2.000   10.000    0.000      1     -1     -1
 cris-fsr_npp           88  -1    0.600    0.000    2.000   10.000    0.000     -1     -1     -1
 cris-fsr_npp           89   1    0.500    0.000    2.000   10.000    0.000     -1     -1     -1
 cris-fsr_npp           90  -1    1.000    0.000    2.000   10.000    0.000     -1     -1     -1
 cris-fsr_npp           91   1    0.450    0.000    2.000   10.000    0.000      1     -1     -1
 cris-fsr_npp           92  -1    1.000    0.000    2.000   10.000    0.000     -1     -1     -1
 cris-fsr_npp           93   1    0.450    0.000    2.000   10.000    0.000     -1     -1     -1
 cris-fsr_npp           94  -1    1.000    0.000    2.000   10.000    0.000     -1     -1     -1
 cris-fsr_npp           95   1    0.450    0.000    2.000   10.000    0.000      1     -1     -1
 cris-fsr_npp           96  -1    0.635    0.000    2.000   10.000    0.000     -1     -1     -1
 cris-fsr_npp           97   1    0.450    0.000    2.000   10.000    0.000     -1     -1     -1
 cris-fsr_npp           98  -1    1.000    0.000    2.000   10.000    0.000     -1     -1     -1
 cris-fsr_npp           99   1    0.450    0.000    2.000   10.000    0.000      1     -1     -1
 cris-fsr_npp          100  -1    1.000    0.000    2.000   10.000    0.000     -1     -1     -1
 cris-fsr_npp          101  -1    0.450    0.000    2.000   10.000    0.000     -1     -1     -1
 cris-fsr_npp          102  -1    0.735    0.000    2.000   10.000    0.000     -1     -1     -1
 cris-fsr_npp          103   1    0.450    0.000    2.000   10.000    0.000      1     -1     -1
 cris-fsr_npp          104  -1    0.878    0.000    2.000   10.000    0.000     -1     -1     -1
 cris-fsr_npp          105   1    0.450    0.000    2.000   10.000    0.000     -1     -1     -1
 cris-fsr_npp          106  -1    0.696    0.000    2.000   10.000    0.000     -1     -1     -1
 cris-fsr_npp          107   1    0.400    0.000    2.000   10.000    0.000      1     -1     -1
 cris-fsr_npp          108  -1    2.000    0.000    2.000   10.000    0.000     -1     -1     -1
 cris-fsr_npp          109   1    0.400    0.000    2.000   10.000    0.000     -1     -1     -1
 cris-fsr_npp          110  -1    1.000    0.000    2.000   10.000    0.000     -1     -1     -1
 cris-fsr_npp          111   1    0.400    0.000    2.000   10.000    0.000      1     -1     -1
 cris-fsr_npp          112  -1    1.000    0.000    2.000   10.000    0.000     -1     -1     -1
 cris-fsr_npp          113   1    0.400    0.000    2.000   10.000    0.000     -1     -1     -1
 cris-fsr_npp          114  -1    1.000    0.000    2.000   10.000    0.000     -1     -1     -1
 cris-fsr_npp          115   1    0.400    0.000    2.000   10.000    0.000      1     -1     -1
 cris-fsr_npp          116  -1    0.600    0.000    2.000   10.000    0.000     -1     -1     -1
 cris-fsr_npp          117   1    0.350    0.000    2.000   10.000    0.000     -1     -1     -1
 cris-fsr_npp          118  -1    1.000    0.000    2.000   10.000    0.000     -1     -1     -1
 cris-fsr_npp          119   1    0.350    0.000    2.000   10.000    0.000      1     -1     -1
 cris-fsr_npp          120  -1    0.701    0.000    2.000   10.000    0.000     -1     -1     -1
 cris-fsr_npp          121   1    0.350    0.000    2.000   10.000    0.000     -1     -1     -1
 cris-fsr_npp          122  -1    1.000    0.000    2.000   10.000    0.000     -1     -1     -1
 cris-fsr_npp          123   1    0.350    0.000    2.000   10.000    0.000      1     -1     -1
 cris-fsr_npp          124  -1    0.600    0.000    2.000   10.000    0.000     -1     -1     -1
 cris-fsr_npp          125   1    0.350    0.000    2.000   10.000    0.000     -1     -1     -1
 cris-fsr_npp          126  -1    0.663    0.000    2.000   10.000    0.000     -1     -1     -1
 cris-fsr_npp          127   1    0.350    0.000    2.000   10.000    0.000      1     -1     -1
 cris-fsr_npp          128  -1    1.000    0.000    2.000   10.000    0.000     -1     -1     -1
 cris-fsr_npp          129   1    0.350    0.000    2.000   10.000    0.000     -1     -1     -1
 cris-fsr_npp          130  -1    1.083    0.000    2.000   10.000    0.000     -1     -1     -1
 cris-fsr_npp          131   1    0.350    0.000    2.000   10.000    0.000      1     -1     -1
 cris-fsr_npp          132  -1    0.600    0.000    2.000   10.000    0.000     -1     -1     -1
 cris-fsr_npp          133   1    0.350    0.000    2.000   10.000    0.000     -1     -1     -1
 cris-fsr_npp          134  -1    1.000    0.000    2.000   10.000    0.000     -1     -1     -1
 cris-fsr_npp          135   1    0.350    0.000    2.000   10.000    0.000      1     -1     -1
 cris-fsr_npp          136  -1    0.600    0.000    2.000   10.000    0.000     -1     -1     -1
 cris-fsr_npp          137   1    0.350    0.000    2.000   10.000    0.000     -1     -1     -1
 cris-fsr_npp          138  -1    0.600    0.000    2.000   10.000    0.000     -1     -1     -1
 cris-fsr_npp          139   1    0.350    0.000    2.000   10.000    0.000      1     -1     -1
 cris-fsr_npp          140  -1    1.000    0.000    2.000   10.000    0.000     -1     -1     -1
 cris-fsr_npp          141   1    0.300    0.000    2.000   10.000    0.000     -1     -1     -1
 cris-fsr_npp          142  -1    0.600    0.000    2.000   10.000    0.000     -1     -1     -1
 cris-fsr_npp          143   1    0.300    0.000    2.000   10.000    0.000      1     -1     -1
 cris-fsr_npp          144  -1    0.600    0.000    2.000   10.000    0.000     -1     -1     -1
 cris-fsr_npp          145   1    0.300    0.000    2.000   10.000    0.000     -1     -1     -1
 cris-fsr_npp          146  -1    1.000    0.000    2.000   10.000    0.000     -1     -1     -1
 cris-fsr_npp          147   1    0.300    0.000    2.000   10.000    0.000      1     -1     -1
 cris-fsr_npp          148  -1    0.600    0.000    2.000   10.000    0.000     -1     -1     -1
 cris-fsr_npp          149   1    0.300    0.000    2.000   10.000    0.000     -1     -1     -1
 cris-fsr_npp          150  -1    0.600    0.000    2.000   10.000    0.000     -1     -1     -1
 cris-fsr_npp          151   1    0.300    0.000    2.000   10.000    0.000      1     -1     -1
 cris-fsr_npp          152  -1    1.000    0.000    2.000   10.000    0.000     -1     -1     -1
 cris-fsr_npp          153   1    0.300    0.000    2.000   10.000    0.000     -1     -1     -1
 cris-fsr_npp          154  -1    0.600    0.000    2.000   10.000    0.000     -1     -1     -1
 cris-fsr_npp          155   1    0.300    0.000    2.000   10.000    0.000      1     -1     -1
 cris-fsr_npp          156  -1    1.000    0.000    2.000   10.000    0.000     -1     -1     -1
 cris-fsr_npp          157   1    0.300    0.000    2.000   10.000    0.000     -1     -1     -1
 cris-fsr_npp          158  -1    0.773    0.000    2.000   10.000    0.000     -1     -1     -1
 cris-fsr_npp          159   1    0.300    0.000    2.000   10.000    0.000      1     -1     -1
 cris-fsr_npp          160  -1    0.600    0.000    2.000   10.000    0.000     -1     -1     -1
 cris-fsr_npp          161  -1    0.600    0.000    2.000   10.000    0.000     -1     -1     -1
 cris-fsr_npp          162  -1    0.600    0.000    2.000   10.000    0.000     -1     -1     -1
 cris-fsr_npp          163   1    0.300    0.000    2.000   10.000    0.000      1     -1     -1
 cris-fsr_npp          164  -1    0.813    0.000    2.000   10.000    0.000     -1     -1     -1
 cris-fsr_npp          165  -1    0.907    0.000    2.000   10.000    0.000     -1     -1     -1
 cris-fsr_npp          166  -1    0.802    0.000    2.000   10.000    0.000     -1     -1     -1
 cris-fsr_npp          167   1    0.300    0.000    2.000   10.000    0.000      1     -1     -1
 cris-fsr_npp          168  -1    1.493    0.000    2.000   10.000    0.000     -1     -1     -1
 cris-fsr_npp          169  -1    1.000    0.000    2.000   10.000    0.000     -1     -1     -1
 cris-fsr_npp          170  -1    0.856    0.000    2.000   10.000    0.000     -1     -1     -1
 cris-fsr_npp          171   1    0.300    0.000    2.000   10.000    0.000      1     -1     -1
 cris-fsr_npp          172  -1    1.000    0.000    2.000   10.000    0.000     -1     -1     -1
 cris-fsr_npp          173  -1    0.600    0.000    2.000   10.000    0.000     -1     -1     -1
 cris-fsr_npp          174  -1    1.000    0.000    2.000   10.000    0.000     -1     -1     -1
 cris-fsr_npp          175   1    0.300    0.000    2.000   10.000    0.000      1     -1     -1
 cris-fsr_npp          176  -1    1.000    0.000    2.000   10.000    0.000     -1     -1     -1
 cris-fsr_npp          177  -1    1.000    0.000    2.000   10.000    0.000     -1     -1     -1
 cris-fsr_npp          178  -1    1.000    0.000    2.000   10.000    0.000     -1     -1     -1
 cris-fsr_npp          179   1    0.300    0.000    2.000   10.000    0.000      1     -1     -1
 cris-fsr_npp          180  -1    1.000    0.000    2.000   10.000    0.000     -1     -1     -1
 cris-fsr_npp          181  -1    1.000    0.000    2.000   10.000    0.000     -1     -1     -1
 cris-fsr_npp          182  -1    1.000    0.000    2.000   10.000    0.000     -1     -1     -1
 cris-fsr_npp          183   1    0.300    0.000    2.000   10.000    0.000      1     -1     -1
 cris-fsr_npp          184  -1    1.000    0.000    2.000   10.000    0.000     -1     -1     -1
 cris-fsr_npp          185  -1    1.000    0.000    2.000   10.000    0.000     -1     -1     -1
 cris-fsr_npp          186  -1    1.000    0.000    2.000   10.000    0.000     -1     -1     -1
 cris-fsr_npp          187   1    0.300    0.000    2.000   10.000    0.000      1     -1     -1
 cris-fsr_npp          188  -1    1.000    0.000    2.000   10.000    0.000     -1     -1     -1
 cris-fsr_npp          189  -1    1.000    0.000    2.000   10.000    0.000     -1     -1     -1
 cris-fsr_npp          190   1    0.300    0.000    2.000   10.000    0.000      1     -1     -1
 cris-fsr_npp          191  -1    1.000    0.000    2.000   10.000    0.000     -1     -1     -1
 cris-fsr_npp          192  -1    1.000    0.000    2.000   10.000    0.000     -1     -1     -1
 cris-fsr_npp          193  -1    1.000    0.000    2.000   10.000    0.000     -1     -1     -1
 cris-fsr_npp          194   1    0.300    0.000    2.000   10.000    0.000      1     -1     -1
 cris-fsr_npp          195  -1    1.000    0.000    2.000   10.000    0.000     -1     -1     -1
 cris-fsr_npp          196  -1    1.000    0.000    2.000   10.000    0.000     -1     -1     -1
 cris-fsr_npp          197   1    0.300    0.000    2.000   10.000    0.000      1     -1     -1
 cris-fsr_npp          198  -1    2.000    0.000    2.000   10.000    0.000     -1     -1     -1
 cris-fsr_npp          199  -1    1.000    0.000    2.000   10.000    0.000     -1     -1     -1
 cris-fsr_npp          200   1    0.300    0.000    2.000   10.000    0.000      1     -1     -1
 cris-fsr_npp          208  -1    1.000    0.000    2.000   10.000    0.000     -1     -1     -1
 cris-fsr_npp          211   1    0.300    0.000    2.000   10.000    0.000      1     -1     -1
 cris-fsr_npp          216  -1    1.000    0.000    2.000   10.000    0.000     -1     -1     -1
 cris-fsr_npp          224   1    0.300    0.000    2.000   10.000    0.000      1     -1     -1
 cris-fsr_npp          234  -1    1.000    0.000    2.000   10.000    0.000     -1     -1     -1
 cris-fsr_npp          236  -1    1.000    0.000    2.000   10.000    0.000     -1     -1     -1
 cris-fsr_npp          238  -1    1.000    0.000    2.000   10.000    0.000     -1     -1     -1
 cris-fsr_npp          239  -1    1.000    0.000    2.000   10.000    0.000     -1     -1     -1
 cris-fsr_npp          242  -1    1.000    0.000    2.000   10.000    0.000     -1     -1     -1
 cris-fsr_npp          246  -1    1.000    0.000    2.000   10.000    0.000     -1     -1     -1
 cris-fsr_npp          248  -1    1.000    0.000    2.000   10.000    0.000     -1     -1     -1
 cris-fsr_npp          255  -1    1.000    0.000    2.000   10.000    0.000     -1     -1     -1
 cris-fsr_npp          264  -1    1.000    0.000    2.000   10.000    0.000     -1     -1     -1
 cris-fsr_npp          266  -1    1.000    0.000    2.000   10.000    0.000     -1     -1     -1
 cris-fsr_npp          268  -1    1.000    0.000    2.000   10.000    0.000     -1     -1     -1
 cris-fsr_npp          275   1    1.000    0.000    2.000   10.000    0.000     -1     -1     -1
 cris-fsr_npp          279   1    0.300    0.000    2.000   10.000    0.000      1     -1     -1
 cris-fsr_npp          283  -1    1.000    0.000    2.000   10.000    0.000     -1     -1     -1
 cris-fsr_npp          285  -1    1.000    0.000    2.000   10.000    0.000     -1     -1     -1
 cris-fsr_npp          291   1    0.300    0.000    2.000   10.000    0.000     -1     -1     -1
 cris-fsr_npp          295  -1    1.000    0.000    2.000   10.000    0.000     -1     -1     -1
 cris-fsr_npp          301  -1    1.000    0.000    2.000   10.000    0.000     -1     -1     -1
 cris-fsr_npp          305  -1    1.000    0.000    2.000   10.000    0.000     -1     -1     -1
 cris-fsr_npp          311   1    0.300    0.000    2.000   10.000    0.000      1     -1     -1
 cris-fsr_npp          332   1    0.300    0.000    2.000   10.000    0.000     -1     -1     -1
 cris-fsr_npp          342   1    0.300    0.000    2.000   10.000    0.000      1     -1     -1
 cris-fsr_npp          389   1    0.500    0.000    2.000   10.000    0.000      1     -1     -1
 cris-fsr_npp          400  -1    1.000    0.000    2.000   10.000    0.000     -1     -1     -1
 cris-fsr_npp          402  -1    1.000    0.000    2.000   10.000    0.000     -1     -1     -1
 cris-fsr_npp          404  -1    2.000    0.000    2.000   10.000    0.000     -1     -1     -1
 cris-fsr_npp          406  -1    1.000    0.000    2.000   10.000    0.000     -1     -1     -1
 cris-fsr_npp          410   1    0.500    0.000    2.000   10.000    0.000      1     -1     -1
 cris-fsr_npp          427   1    0.500    0.000    2.000   10.000    0.000      1     -1     -1
 cris-fsr_npp          439  -1    1.000    0.000    2.000   10.000    0.000     -1     -1     -1
 cris-fsr_npp          440  -1    1.000    0.000    2.000   10.000    0.000     -1     -1     -1
 cris-fsr_npp          441  -1    1.000    0.000    2.000   10.000    0.000     -1     -1     -1
 cris-fsr_npp          445  -1    1.000    0.000    2.000   10.000    0.000     -1     -1     -1
 cris-fsr_npp          449  -1    1.000    0.000    2.000   10.000    0.000     -1     -1     -1
 cris-fsr_npp          455  -1    1.000    0.000    2.000   10.000    0.000     -1     -1     -1
 cris-fsr_npp          458  -1    1.000    0.000    2.000   10.000    0.000     -1     -1     -1
 cris-fsr_npp          461  -1    1.000    0.000    2.000   10.000    0.000     -1     -1     -1
 cris-fsr_npp          464   1    1.000    0.000    2.000   10.000    0.000      1     -1     -1
 cris-fsr_npp          467  -1    1.000    0.000    2.000   10.000    0.000     -1     -1     -1
 cris-fsr_npp          470  -1    1.000    0.000    2.000   10.000    0.000     -1     -1     -1
 cris-fsr_npp          473  -1    1.000    0.000    2.000   10.000    0.000     -1     -1     -1
 cris-fsr_npp          475  -1    1.000    0.000    2.000   10.000    0.000     -1     -1     -1
 cris-fsr_npp          482   1    0.500    0.000    2.000   10.000    0.000      1     -1     -1
 cris-fsr_npp          486  -1    1.000    0.000    2.000   10.000    0.000     -1     -1     -1
 cris-fsr_npp          487  -1    1.000    0.000    2.000   10.000    0.000     -1     -1     -1
 cris-fsr_npp          490  -1    1.000    0.000    2.000   10.000    0.000     -1     -1     -1
 cris-fsr_npp          493  -1    1.000    0.000    2.000   10.000    0.000     -1     -1     -1
 cris-fsr_npp          496  -1    1.000    0.000    2.000   10.000    0.000     -1     -1     -1
 cris-fsr_npp          499  -1    1.000    0.000    2.000   10.000    0.000     -1     -1     -1
 cris-fsr_npp          501   1    0.500    0.000    2.000   10.000    0.000      1     -1     -1
 cris-fsr_npp          503  -1    1.000    0.000    2.000   10.000    0.000     -1     -1     -1
 cris-fsr_npp          505  -1    1.000    0.000    2.000   10.000    0.000     -1     -1     -1
 cris-fsr_npp          511  -1    1.000    0.000    2.000   10.000    0.000     -1     -1     -1
 cris-fsr_npp          513  -1    1.000    0.000    2.000   10.000    0.000     -1     -1     -1
 cris-fsr_npp          514  -1    1.000    0.000    2.000   10.000    0.000     -1     -1     -1
 cris-fsr_npp          518  -1    1.000    0.000    2.000   10.000    0.000     -1     -1     -1
 cris-fsr_npp          519  -1    1.000    0.000    2.000   10.000    0.000     -1     -1     -1
 cris-fsr_npp          520  -1    1.000    0.000    2.000   10.000    0.000     -1     -1     -1
 cris-fsr_npp          522  -1    1.000    0.000    2.000   10.000    0.000     -1     -1     -1
 cris-fsr_npp          529   1    0.500    0.000    2.000   10.000    0.000      1     -1     -1
 cris-fsr_npp          534  -1    1.000    0.000    2.000   10.000    0.000     -1     -1     -1
 cris-fsr_npp          563  -1    1.000    0.000    2.000   10.000    0.000     -1     -1     -1
 cris-fsr_npp          568  -1    1.000    0.000    2.000   10.000    0.000     -1     -1     -1
 cris-fsr_npp          575  -1    1.000    0.000    2.000   10.000    0.000     -1     -1     -1
 cris-fsr_npp          592  -1    1.000    0.000    2.000   10.000    0.000     -1     -1     -1
 cris-fsr_npp          594  -1    1.000    0.000    2.000   10.000    0.000     -1     -1     -1
 cris-fsr_npp          596  -1    1.000    0.000    2.000   10.000    0.000     -1     -1     -1
 cris-fsr_npp          598  -1    1.000    0.000    2.000   10.000    0.000     -1     -1     -1
 cris-fsr_npp          600  -1    1.000    0.000    2.000   10.000    0.000     -1     -1     -1
 cris-fsr_npp          602  -1    1.000    0.000    2.000   10.000    0.000     -1     -1     -1
 cris-fsr_npp          604  -1    1.000    0.000    2.000   10.000    0.000     -1     -1     -1
 cris-fsr_npp          611  -1    1.000    0.000    2.000   10.000    0.000     -1     -1     -1
 cris-fsr_npp          614  -1    1.000    0.000    2.000   10.000    0.000     -1     -1     -1
 cris-fsr_npp          616  -1    1.000    0.000    2.000   10.000    0.000     -1     -1     -1
 cris-fsr_npp          618  -1    1.000    0.000    2.000   10.000    0.000     -1     -1     -1
 cris-fsr_npp          620  -1    1.000    0.000    2.000   10.000    0.000     -1     -1     -1
 cris-fsr_npp          622  -1    1.000    0.000    2.000   10.000    0.000     -1     -1     -1
 cris-fsr_npp          626  -1    1.000    0.000    2.000   10.000    0.000     -1     -1     -1
 cris-fsr_npp          631  -1    1.000    0.000    2.000   10.000    0.000     -1     -1     -1
 cris-fsr_npp          638  -1    1.000    0.000    2.000   10.000    0.000     -1     -1     -1
 cris-fsr_npp          646  -1    1.000    0.000    2.000   10.000    0.000     -1     -1     -1
 cris-fsr_npp          648  -1    1.000    0.000    2.000   10.000    0.000     -1     -1     -1
 cris-fsr_npp          652  -1    1.000    0.000    2.000   10.000    0.000     -1     -1     -1
 cris-fsr_npp          659  -1    1.000    0.000    2.000   10.000    0.000     -1     -1     -1
 cris-fsr_npp          673  -1    1.000    0.000    2.000   10.000    0.000     -1     -1     -1
 cris-fsr_npp          675  -1    1.000    0.000    2.000   10.000    0.000     -1     -1     -1
 cris-fsr_npp          678  -1    1.000    0.000    2.000   10.000    0.000     -1     -1     -1
 cris-fsr_npp          684  -1    1.000    0.000    2.000   10.000    0.000     -1     -1     -1
 cris-fsr_npp          688  -1    1.000    0.000    2.000   10.000    0.000     -1     -1     -1
 cris-fsr_npp          694  -1    1.000    0.000    2.000   10.000    0.000     -1     -1     -1
 cris-fsr_npp          700  -1    1.000    0.000    2.000   10.000    0.000     -1     -1     -1
 cris-fsr_npp          707  -1    1.000    0.000    2.000   10.000    0.000     -1     -1     -1
 cris-fsr_npp          710  -1    0.500    0.000    2.000   10.000    0.000      1     -1     -1
 cris-fsr_npp          713  -1    0.500    0.000    2.000   10.000    0.000      1     -1     -1
 cris-fsr_npp          714  -1    1.000    0.000    2.000   10.000    0.000     -1     -1     -1
 cris-fsr_npp          718  -1    1.000    0.000    2.000   10.000    0.000     -1     -1     -1
 cris-fsr_npp          720  -1    1.000    0.000    2.000   10.000    0.000     -1     -1     -1
 cris-fsr_npp          722  -1    1.000    0.000    2.000   10.000    0.000     -1     -1     -1
 cris-fsr_npp          725  -1    1.000    0.000    2.000   10.000    0.000     -1     -1     -1
 cris-fsr_npp          728  -1    1.000    0.000    2.000   10.000    0.000     -1     -1     -1
 cris-fsr_npp          735  -1    1.000    0.000    2.000   10.000    0.000     -1     -1     -1
 cris-fsr_npp          742  -1    0.500    0.000    2.000   10.000    0.000     -1     -1     -1
 cris-fsr_npp          748  -1    1.000    0.000    2.000   10.000    0.000     -1     -1     -1
 cris-fsr_npp          753  -1    1.000    0.000    2.000   10.000    0.000     -1     -1     -1
 cris-fsr_npp          762  -1    1.000    0.000    2.000   10.000    0.000     -1     -1     -1
 cris-fsr_npp          780  -1    1.000    0.000    2.000   10.000    0.000     -1     -1     -1
 cris-fsr_npp          784  -1    1.000    0.000    2.000   10.000    0.000     -1     -1     -1
 cris-fsr_npp          798  -1    1.000    0.000    2.000   10.000    0.000     -1     -1     -1
 cris-fsr_npp          849  -1    1.000    0.000    2.000   10.000    0.000     -1     -1     -1
 cris-fsr_npp          860  -1    1.000    0.000    2.000   10.000    0.000     -1     -1     -1
 cris-fsr_npp          862  -1    1.000    0.000    2.000   10.000    0.000     -1     -1     -1
 cris-fsr_npp          866  -1    1.000    0.000    2.000   10.000    0.000     -1     -1     -1
 cris-fsr_npp          874  -1    1.000    0.000    2.000   10.000    0.000     -1     -1     -1
 cris-fsr_npp          882  -1    1.500    0.000    0.900   10.000    0.000     -1     -1     -1
 cris-fsr_npp          890  -1    1.500    0.000    0.900   10.000    0.000     -1     -1     -1
 cris-fsr_npp          898  -1    1.000    0.000    2.000   10.000    0.000     -1     -1     -1
 cris-fsr_npp          906  -1    1.000    0.000    2.000   10.000    0.000     -1     -1     -1
 cris-fsr_npp          907  -1    1.000    0.000    2.000   10.000    0.000     -1     -1     -1
 cris-fsr_npp          908  -1    1.000    0.000    2.000   10.000    0.000     -1     -1     -1
 cris-fsr_npp          914  -1    1.000    0.000    2.000   10.000    0.000     -1     -1     -1
 cris-fsr_npp          937  -1    1.500    0.000    0.900   10.000    0.000     -1     -1     -1
 cris-fsr_npp          972  -1    1.000    0.000    2.000   10.000    0.000     -1     -1     -1
 cris-fsr_npp          973  -1    1.000    0.000    2.000   10.000    0.000     -1     -1     -1
 cris-fsr_npp          978  -1    1.000    0.000    2.000   10.000    0.000     -1     -1     -1
 cris-fsr_npp          980  -1    1.000    0.000    2.000   10.000    0.000     -1     -1     -1
 cris-fsr_npp          981  -1    1.000    0.000    2.000   10.000    0.000     -1     -1     -1
 cris-fsr_npp          988  -1    1.000    0.000    2.000   10.000    0.000     -1     -1     -1
 cris-fsr_npp          995  -1    1.500    0.000    0.900   10.000    0.000     -1     -1     -1
 cris-fsr_npp          998  -1    1.000    0.000    2.000   10.000    0.000     -1     -1     -1
 cris-fsr_npp         1000  -1    1.000    0.000    2.000   10.000    0.000     -1     -1     -1
 cris-fsr_npp         1003  -1    1.000    0.000    2.000   10.000    0.000     -1     -1     -1
 cris-fsr_npp         1008  -1    1.500    0.000    0.900   10.000    0.000     -1     -1     -1
 cris-fsr_npp         1009  -1    1.000    0.000    2.000   10.000    0.000     -1     -1     -1
 cris-fsr_npp         1010  -1    1.000    0.000    2.000   10.000    0.000     -1     -1     -1
 cris-fsr_npp         1014  -1    1.000    0.000    2.000   10.000    0.000     -1     -1     -1
 cris-fsr_npp         1017  -1    1.000    0.000    2.000   10.000    0.000     -1     -1     -1
 cris-fsr_npp         1018  -1    1.000    0.000    2.000   10.000    0.000     -1     -1     -1
 cris-fsr_npp         1020  -1    1.000    0.000    2.000   10.000    0.000     -1     -1     -1
 cris-fsr_npp         1022  -1    1.500    0.000    0.900   10.000    0.000     -1     -1     -1
 cris-fsr_npp         1024  -1    1.000    0.000    2.000   10.000    0.000     -1     -1     -1
 cris-fsr_npp         1026  -1    1.000    0.000    2.000   10.000    0.000     -1     -1     -1
 cris-fsr_npp         1029  -1    1.000    0.000    2.000   10.000    0.000     -1     -1     -1
 cris-fsr_npp         1030  -1    1.000    0.000    2.000   10.000    0.000     -1     -1     -1
 cris-fsr_npp         1032  -1    1.000    0.000    2.000   10.000    0.000     -1     -1     -1
 cris-fsr_npp         1034  -1    1.000    0.000    2.000   10.000    0.000     -1     -1     -1
 cris-fsr_npp         1037  -1    1.000    0.000    2.000   10.000    0.000     -1     -1     -1
 cris-fsr_npp         1038  -1    1.000    0.000    2.000   10.000    0.000     -1     -1     -1
 cris-fsr_npp         1041  -1    1.000    0.000    2.000   10.000    0.000     -1     -1     -1
 cris-fsr_npp         1042  -1    1.000    0.000    2.000   10.000    0.000     -1     -1     -1
 cris-fsr_npp         1044  -1    1.000    0.000    2.000   10.000    0.000     -1     -1     -1
 cris-fsr_npp         1046  -1    1.000    0.000    2.000   10.000    0.000     -1     -1     -1
 cris-fsr_npp         1049  -1    1.000    0.000    2.000   10.000    0.000     -1     -1     -1
 cris-fsr_npp         1050  -1    1.000    0.000    2.000   10.000    0.000     -1     -1     -1
 cris-fsr_npp         1053  -1    1.000    0.000    2.000   10.000    0.000     -1     -1     -1
 cris-fsr_npp         1054  -1    1.000    0.000    2.000   10.000    0.000     -1     -1     -1
 cris-fsr_npp         1058  -1    1.500    0.000    0.900   10.000    0.000     -1     -1     -1
 cris-fsr_npp         1060  -1    1.000    0.000    2.000   10.000    0.000     -1     -1     -1
 cris-fsr_npp         1062  -1    1.000    0.000    2.000   10.000    0.000     -1     -1     -1
 cris-fsr_npp         1064  -1    1.000    0.000    2.000   10.000    0.000     -1     -1     -1
 cris-fsr_npp         1066  -1    1.000    0.000    2.000   10.000    0.000     -1     -1     -1
 cris-fsr_npp         1069  -1    1.000    0.000    2.000   10.000    0.000     -1     -1     -1
 cris-fsr_npp         1076  -1    1.000    0.000    2.000   10.000    0.000     -1     -1     -1
 cris-fsr_npp         1077  -1    1.000    0.000    2.000   10.000    0.000     -1     -1     -1
 cris-fsr_npp         1080  -1    1.000    0.000    2.000   10.000    0.000     -1     -1     -1
 cris-fsr_npp         1086  -1    1.000    0.000    2.000   10.000    0.000     -1     -1     -1
 cris-fsr_npp         1091  -1    1.000    0.000    2.000   10.000    0.000     -1     -1     -1
 cris-fsr_npp         1095  -1    1.000    0.000    2.000   10.000    0.000     -1     -1     -1
 cris-fsr_npp         1101  -1    1.000    0.000    2.000   10.000    0.000     -1     -1     -1
 cris-fsr_npp         1109  -1    1.000    0.000    2.000   10.000    0.000     -1     -1     -1
 cris-fsr_npp         1112  -1    1.000    0.000    2.000   10.000    0.000     -1     -1     -1
 cris-fsr_npp         1121  -1    1.000    0.000    2.000   10.000    0.000     -1     -1     -1
 cris-fsr_npp         1128  -1    1.000    0.000    2.000   10.000    0.000     -1     -1     -1
 cris-fsr_npp         1133  -1    1.000    0.000    2.000   10.000    0.000     -1     -1     -1
 cris-fsr_npp         1163  -1    1.000    0.000    2.000   10.000    0.000     -1     -1     -1
 cris-fsr_npp         1172  -1    1.000    0.000    2.000   10.000    0.000     -1     -1     -1
 cris-fsr_npp         1187  -1    1.000    0.000    2.000   10.000    0.000     -1     -1     -1
 cris-fsr_npp         1189  -1    1.000    0.000    2.000   10.000    0.000     -1     -1     -1
 cris-fsr_npp         1205  -1    1.000    0.000    2.000   10.000    0.000     -1     -1     -1
 cris-fsr_npp         1211  -1    1.000    0.000    2.000   10.000    0.000     -1     -1     -1
 cris-fsr_npp         1219  -1    1.000    0.000    2.000   10.000    0.000     -1     -1     -1
 cris-fsr_npp         1231  -1    1.000    0.000    2.000   10.000    0.000     -1     -1     -1
 cris-fsr_npp         1245  -1    1.000    0.000    2.000   10.000    0.000     -1     -1     -1
 cris-fsr_npp         1271  -1    1.000    0.000    2.000   10.000    0.000     -1     -1     -1
 cris-fsr_npp         1289  -1    1.000    0.000    2.000   10.000    0.000     -1     -1     -1
 cris-fsr_npp         1300  -1    1.000    0.000    2.000   10.000    0.000     -1     -1     -1
 cris-fsr_npp         1313  -1    1.000    0.000    2.000   10.000    0.000     -1     -1     -1
 cris-fsr_npp         1316  -1    1.000    0.000    2.000   10.000    0.000     -1     -1     -1
 cris-fsr_npp         1325  -1    1.000    0.000    2.000   10.000    0.000     -1     -1     -1
 cris-fsr_npp         1329  -1    1.000    0.000    2.000   10.000    0.000     -1     -1     -1
 cris-fsr_npp         1346  -1    1.000    0.000    2.000   10.000    0.000     -1     -1     -1
 cris-fsr_npp         1347  -1    1.000    0.000    2.000   10.000    0.000     -1     -1     -1
 cris-fsr_npp         1473  -1    1.000    0.000    2.000   10.000    0.000     -1     -1     -1
 cris-fsr_npp         1474  -1    1.000    0.000    2.000   10.000    0.000     -1     -1     -1
 cris-fsr_npp         1491  -1    1.000    0.000    2.000   10.000    0.000     -1     -1     -1
 cris-fsr_npp         1499  -1    1.000    0.000    2.000   10.000    0.000     -1     -1     -1
 cris-fsr_npp         1553  -1    1.000    0.000    2.000   10.000    0.000     -1     -1     -1
 cris-fsr_npp         1570  -1    1.000    0.000    2.000   10.000    0.000     -1     -1     -1
 cris-fsr_npp         1596  -1    1.000    0.000    2.000   10.000    0.000     -1     -1     -1
 cris-fsr_npp         1602  -1    1.000    0.000    2.000   10.000    0.000     -1     -1     -1
 cris-fsr_npp         1619  -1    1.000    0.000    2.000   10.000    0.000     -1     -1     -1
 cris-fsr_npp         1624  -1    1.000    0.000    2.000   10.000    0.000     -1     -1     -1
 cris-fsr_npp         1635  -1    1.000    0.000    2.000   10.000    0.000     -1     -1     -1
 cris-fsr_npp         1939  -1    1.000    0.000    2.000   10.000    0.000     -1     -1     -1
 cris-fsr_npp         1940  -1    1.000    0.000    2.000   10.000    0.000     -1     -1     -1
 cris-fsr_npp         1941  -1    1.000    0.000    2.000   10.000    0.000     -1     -1     -1
 cris-fsr_npp         1942  -1    1.000    0.000    2.000   10.000    0.000     -1     -1     -1
 cris-fsr_npp         1943  -1    1.000    0.000    2.000   10.000    0.000     -1     -1     -1
 cris-fsr_npp         1944  -1    1.000    0.000    2.000   10.000    0.000     -1     -1     -1
 cris-fsr_npp         1945  -1    1.000    0.000    2.000   10.000    0.000     -1     -1     -1
 cris-fsr_npp         1946  -1    1.000    0.000    2.000   10.000    0.000     -1     -1     -1
 cris-fsr_npp         1947  -1    1.000    0.000    2.000   10.000    0.000     -1     -1     -1
 cris-fsr_npp         1948  -1    1.000    0.000    2.000   10.000    0.000     -1     -1     -1
 cris-fsr_npp         1949  -1    1.000    0.000    2.000   10.000    0.000     -1     -1     -1
 cris-fsr_npp         1950  -1    1.000    0.000    2.000   10.000    0.000     -1     -1     -1
 cris-fsr_npp         1951  -1    1.000    0.000    2.000   10.000    0.000     -1     -1     -1
 cris-fsr_npp         1952  -1    1.000    0.000    2.000   10.000    0.000     -1     -1     -1
 cris-fsr_npp         1953  -1    1.000    0.000    2.000   10.000    0.000     -1     -1     -1
 cris-fsr_npp         1954  -1    1.000    0.000    2.000   10.000    0.000     -1     -1     -1
 cris-fsr_npp         1955  -1    1.000    0.000    2.000   10.000    0.000     -1     -1     -1
 cris-fsr_npp         1956  -1    1.000    0.000    2.000   10.000    0.000     -1     -1     -1
 cris-fsr_npp         1957  -1    1.000    0.000    2.000   10.000    0.000     -1     -1     -1
 cris-fsr_npp         1958  -1    1.000    0.000    2.000   10.000    0.000     -1     -1     -1
 cris-fsr_npp         1959  -1    1.000    0.000    2.000   10.000    0.000     -1     -1     -1
 cris-fsr_npp         1960  -1    1.000    0.000    2.000   10.000    0.000     -1     -1     -1
 cris-fsr_npp         1961  -1    1.000    0.000    2.000   10.000    0.000     -1     -1     -1
 cris-fsr_npp         1962  -1    1.000    0.000    2.000   10.000    0.000     -1     -1     -1
 cris-fsr_npp         1963  -1    1.000    0.000    2.000   10.000    0.000     -1     -1     -1
 cris-fsr_npp         1964  -1    1.000    0.000    2.000   10.000    0.000     -1     -1     -1
 cris-fsr_npp         1965  -1    1.000    0.000    2.000   10.000    0.000     -1     -1     -1
 cris-fsr_npp         1966  -1    1.000    0.000    2.000   10.000    0.000     -1     -1     -1
 cris-fsr_npp         1967  -1    1.000    0.000    2.000   10.000    0.000     -1     -1     -1
 cris-fsr_npp         1968  -1    1.000    0.000    2.000   10.000    0.000     -1     -1     -1
 cris-fsr_npp         1969  -1    1.000    0.000    2.000   10.000    0.000     -1     -1     -1
 cris-fsr_npp         1970  -1    1.000    0.000    2.000   10.000    0.000     -1     -1     -1
 cris-fsr_npp         1971  -1    1.000    0.000    2.000   10.000    0.000     -1     -1     -1
 cris-fsr_npp         1972  -1    1.000    0.000    2.000   10.000    0.000     -1     -1     -1
 cris-fsr_npp         1973  -1    1.000    0.000    2.000   10.000    0.000     -1     -1     -1
 cris-fsr_npp         1974  -1    1.000    0.000    2.000   10.000    0.000     -1     -1     -1
 cris-fsr_npp         1975  -1    1.000    0.000    2.000   10.000    0.000     -1     -1     -1
 cris-fsr_npp         1976  -1    1.000    0.000    2.000   10.000    0.000     -1     -1     -1
 cris-fsr_npp         1977  -1    1.000    0.000    2.000   10.000    0.000     -1     -1     -1
 cris-fsr_npp         1978  -1    1.000    0.000    2.000   10.000    0.000     -1     -1     -1
 cris-fsr_npp         1979  -1    1.000    0.000    2.000   10.000    0.000     -1     -1     -1
 cris-fsr_npp         1980  -1    1.000    0.000    2.000   10.000    0.000     -1     -1     -1
 cris-fsr_npp         1981  -1    1.000    0.000    2.000   10.000    0.000     -1     -1     -1
 cris-fsr_npp         1982  -1    1.000    0.000    2.000   10.000    0.000     -1     -1     -1
 cris-fsr_npp         1983  -1    1.000    0.000    2.000   10.000    0.000     -1     -1     -1
 cris-fsr_npp         1984  -1    1.000    0.000    2.000   10.000    0.000     -1     -1     -1
 cris-fsr_npp         1985  -1    1.000    0.000    2.000   10.000    0.000     -1     -1     -1
 cris-fsr_npp         1986  -1    1.000    0.000    2.000   10.000    0.000     -1     -1     -1
 cris-fsr_npp         1987  -1    1.000    0.000    2.000   10.000    0.000     -1     -1     -1
 cris-fsr_npp         2119  -1    1.000    0.000    2.000   10.000    0.000     -1     -1     -1
 cris-fsr_npp         2140  -1    1.000    0.000    2.000   10.000    0.000     -1     -1     -1
 cris-fsr_npp         2143  -1    1.000    0.000    2.000   10.000    0.000     -1     -1     -1
 cris-fsr_npp         2147  -1    1.000    0.000    2.000   10.000    0.000     -1     -1     -1
 cris-fsr_npp         2153  -1    1.000    0.000    2.000   10.000    0.000     -1     -1     -1
 cris-fsr_npp         2158  -1    1.000    0.000    2.000   10.000    0.000     -1     -1     -1
 cris-fsr_npp         2161  -1    1.000    0.000    2.000   10.000    0.000     -1     -1     -1
 cris-fsr_npp         2168  -1    1.000    0.000    2.000   10.000    0.000     -1     -1     -1
 cris-fsr_npp         2171  -1    1.000    0.000    2.000   10.000    0.000     -1     -1     -1
 cris-fsr_npp         2175  -1    1.000    0.000    2.000   10.000    0.000     -1     -1     -1
 cris-fsr_npp         2182  -1    1.000    0.000    2.000   10.000    0.000     -1     -1     -1
