 ahi_himawari8           7  -1    2.200    0.000    2.000   10.000    0.000     -2     -1     -1
 ahi_himawari8           8   1    3.000    0.000    4.000   10.000    0.000     -2     -1     -1
 ahi_himawari8           9   1    2.500    0.000    4.000   10.000    0.000     -2     -1     -1
 ahi_himawari8          10   1    2.200    0.000    3.500   10.000    0.000     -2     -1     -1
 ahi_himawari8          11  -1    2.200    0.000    2.000   10.000    0.000     -2     -1     -1
 ahi_himawari8          12  -1    2.200    0.000    2.000   10.000    0.000     -2     -1     -1
 ahi_himawari8          13  -1    2.200    0.000    2.000   10.000    0.000     -2     -1     -1
 ahi_himawari8          14  -1    2.200    0.000    2.000   10.000    0.000     -2     -1     -1
 ahi_himawari8          15  -1    2.200    0.000    2.000   10.000    0.000     -2     -1     -1
 ahi_himawari8          16  -1    2.200    0.000    2.000   10.000    0.000     -2     -1     -1
