 sndrD1_g11              1   1    0.850    0.000    2.000   10.000    0.000      1     -1     -1
 sndrD1_g11              2   1    0.650    0.000    2.000   10.000    0.000      1     -1     -1
 sndrD1_g11              3   1    0.400    0.000    2.000   10.000    0.000      1     -1     -1
 sndrD1_g11              4   1    0.400    0.000    2.000   10.000    0.000      1     -1     -1
 sndrD1_g11              5   1    0.400    0.000    2.000   10.000    0.000      1     -1     -1
 sndrD1_g11              6   1    0.550    0.000    2.000   10.000    0.000      1     -1     -1
 sndrD1_g11              7   1    0.550    0.000    2.500   10.000    0.000      1     -1     -1
 sndrD1_g11              8   1    0.500    0.000    3.000   10.000    0.000      1     -1     -1
 sndrD1_g11              9   1    0.650    0.000    3.500   10.000    0.000      1     -1     -1
 sndrD1_g11             10   1    0.950    0.000    2.500   10.000    0.000      1     -1     -1
 sndrD1_g11             11   1    1.400    0.000    3.500   10.000    0.000      1     -1     -1
 sndrD1_g11             12   1    1.800    0.000    4.500   10.000    0.000      1     -1     -1
 sndrD1_g11             13   1    0.250    0.000    2.000   10.000    0.000      1     -1     -1
 sndrD1_g11             14   1    0.300    0.000    2.000   10.000    0.000      1     -1     -1
 sndrD1_g11             15   1    1.300    0.000    3.500   10.000    0.000      1     -1     -1
 sndrD1_g11             16  -1    0.800    0.000    2.500   10.000    0.000     -1     -1     -1
 sndrD1_g11             17  -1    1.300    0.000    4.500   10.000    0.000     -1     -1     -1
 sndrD1_g11             18  -1    1.000    0.000    4.500   10.000    0.000     -1     -1     -1
 sndrD2_g11              1   1    0.850    0.000    2.000   10.000    0.000      1     -1     -1
 sndrD2_g11              2   1    0.650    0.000    2.000   10.000    0.000      1     -1     -1
 sndrD2_g11              3   1    0.400    0.000    2.000   10.000    0.000      1     -1     -1
 sndrD2_g11              4   1    0.400    0.000    2.000   10.000    0.000      1     -1     -1
 sndrD2_g11              5   1    0.400    0.000    2.000   10.000    0.000      1     -1     -1
 sndrD2_g11              6   1    0.550    0.000    2.000   10.000    0.000      1     -1     -1
 sndrD2_g11              7   1    0.550    0.000    2.500   10.000    0.000      1     -1     -1
 sndrD2_g11              8   1    0.500    0.000    3.000   10.000    0.000      1     -1     -1
 sndrD2_g11              9   1    0.650    0.000    3.500   10.000    0.000      1     -1     -1
 sndrD2_g11             10   1    0.950    0.000    2.500   10.000    0.000      1     -1     -1
 sndrD2_g11             11   1    1.400    0.000    3.500   10.000    0.000      1     -1     -1
 sndrD2_g11             12   1    1.800    0.000    4.500   10.000    0.000      1     -1     -1
 sndrD2_g11             13   1    0.250    0.000    2.000   10.000    0.000      1     -1     -1
 sndrD2_g11             14   1    0.300    0.000    2.000   10.000    0.000      1     -1     -1
 sndrD2_g11             15   1    1.300    0.000    3.500   10.000    0.000      1     -1     -1
 sndrD2_g11             16  -1    0.800    0.000    2.500   10.000    0.000     -1     -1     -1
 sndrD2_g11             17  -1    1.300    0.000    4.500   10.000    0.000     -1     -1     -1
 sndrD2_g11             18  -1    1.000    0.000    4.500   10.000    0.000     -1     -1     -1
 sndrD3_g11              1   1    0.850    0.000    2.000   10.000    0.000      1     -1     -1
 sndrD3_g11              2   1    0.650    0.000    2.000   10.000    0.000      1     -1     -1
 sndrD3_g11              3   1    0.400    0.000    2.000   10.000    0.000      1     -1     -1
 sndrD3_g11              4   1    0.400    0.000    2.000   10.000    0.000      1     -1     -1
 sndrD3_g11              5   1    0.400    0.000    2.000   10.000    0.000      1     -1     -1
 sndrD3_g11              6   1    0.550    0.000    2.000   10.000    0.000      1     -1     -1
 sndrD3_g11              7   1    0.550    0.000    2.500   10.000    0.000      1     -1     -1
 sndrD3_g11              8   1    0.500    0.000    3.000   10.000    0.000      1     -1     -1
 sndrD3_g11              9   1    0.650    0.000    3.500   10.000    0.000      1     -1     -1
 sndrD3_g11             10   1    0.950    0.000    2.500   10.000    0.000      1     -1     -1
 sndrD3_g11             11   1    1.400    0.000    3.500   10.000    0.000      1     -1     -1
 sndrD3_g11             12   1    1.800    0.000    4.500   10.000    0.000      1     -1     -1
 sndrD3_g11             13   1    0.250    0.000    2.000   10.000    0.000      1     -1     -1
 sndrD3_g11             14   1    0.300    0.000    2.000   10.000    0.000      1     -1     -1
 sndrD3_g11             15   1    1.300    0.000    3.500   10.000    0.000      1     -1     -1
 sndrD3_g11             16  -1    0.800    0.000    2.500   10.000    0.000     -1     -1     -1
 sndrD3_g11             17  -1    1.300    0.000    4.500   10.000    0.000     -1     -1     -1
 sndrD3_g11             18  -1    1.000    0.000    4.500   10.000    0.000     -1     -1     -1
 sndrD4_g11              1   1    0.850    0.000    2.000   10.000    0.000      1     -1     -1
 sndrD4_g11              2   1    0.650    0.000    2.000   10.000    0.000      1     -1     -1
 sndrD4_g11              3   1    0.400    0.000    2.000   10.000    0.000      1     -1     -1
 sndrD4_g11              4   1    0.400    0.000    2.000   10.000    0.000      1     -1     -1
 sndrD4_g11              5   1    0.400    0.000    2.000   10.000    0.000      1     -1     -1
 sndrD4_g11              6   1    0.550    0.000    2.000   10.000    0.000      1     -1     -1
 sndrD4_g11              7   1    0.550    0.000    2.500   10.000    0.000      1     -1     -1
 sndrD4_g11              8   1    0.500    0.000    3.000   10.000    0.000      1     -1     -1
 sndrD4_g11              9   1    0.650    0.000    3.500   10.000    0.000      1     -1     -1
 sndrD4_g11             10   1    0.950    0.000    2.500   10.000    0.000      1     -1     -1
 sndrD4_g11             11   1    1.400    0.000    3.500   10.000    0.000      1     -1     -1
 sndrD4_g11             12   1    1.800    0.000    4.500   10.000    0.000      1     -1     -1
 sndrD4_g11             13   1    0.250    0.000    2.000   10.000    0.000      1     -1     -1
 sndrD4_g11             14   1    0.300    0.000    2.000   10.000    0.000      1     -1     -1
 sndrD4_g11             15   1    1.300    0.000    3.500   10.000    0.000      1     -1     -1
 sndrD4_g11             16  -1    0.800    0.000    2.500   10.000    0.000     -1     -1     -1
 sndrD4_g11             17  -1    1.300    0.000    4.500   10.000    0.000     -1     -1     -1
 sndrD4_g11             18  -1    1.000    0.000    4.500   10.000    0.000     -1     -1     -1
