 hirs3_n16               1  -1    2.250    0.000    4.500   10.000    0.000      1     -1     -1
 hirs3_n16               2   1    0.700    0.000    2.500   10.000    0.000      1     -1     -1
 hirs3_n16               3   1    0.570    0.000    2.500   10.000    0.000      1     -1     -1
 hirs3_n16               4   1    0.420    0.000    2.000   10.000    0.000      1     -1     -1
 hirs3_n16               5   1    0.355    0.000    2.000   10.000    0.000      1     -1     -1
 hirs3_n16               6   1    0.460    0.000    2.000   10.000    0.000      1     -1     -1
 hirs3_n16               7   1    0.530    0.000    2.500   10.000    0.000      1     -1     -1
 hirs3_n16               8   1    1.000    0.000    3.000   10.000    0.000      1     -1     -1
 hirs3_n16               9   1    1.100    0.000    3.500   10.000    0.000     -1     -1     -1
 hirs3_n16              10   1    0.550    0.000    2.500   10.000    0.000      1     -1     -1
 hirs3_n16              11   1    1.100    0.000    3.500   10.000    0.000      1     -1     -1
 hirs3_n16              12   1    1.700    0.000    4.500   10.000    0.000      1     -1     -1
 hirs3_n16              13   1    0.450    0.000    2.500   10.000    0.000      1     -1     -1
 hirs3_n16              14   1    0.250    0.000    2.500   10.000    0.000      1     -1     -1
 hirs3_n16              15   1    0.300    0.000    2.500   10.000    0.000      1     -1     -1
 hirs3_n16              16  -1    1.000    0.000    4.500   10.000    0.000     -1     -1     -1
 hirs3_n16              17  -1    2.000    0.000    4.500   10.000    0.000     -1     -1     -1
 hirs3_n16              18  -1    2.000    0.000    4.500   10.000    0.000     -1     -1     -1
 hirs3_n16              19  -1    2.000    0.000    4.500   10.000    0.000     -1     -1     -1
