 amsua_n16               1  -1    2.500   20.000    4.500   10.000    0.000     -2      1     -1
 amsua_n16               2  -1    2.000   18.000    4.500   10.000    0.000     -2      1     -1
 amsua_n16               3  -1    2.000   12.000    4.500   10.000    0.000     -2      1     -1
 amsua_n16               4  -1    0.550    3.000    2.500   10.000    0.000     -2      1     -1
 amsua_n16               5  -1    0.300    0.500    2.000   10.000    0.000     -2      1     -1
 amsua_n16               6  -1    0.250    0.300    2.000   10.000    0.000     -2      1     -1
 amsua_n16               7  -1    0.235    0.250    2.000   10.000    0.000     -2      1     -1
 amsua_n16               8  -1    0.400    0.275    2.000   10.000    0.000     -2      1     -1
 amsua_n16               9  -1    0.300    0.340    2.000   10.000    0.000     -2      1     -1
 amsua_n16              10  -1    0.400    0.400    2.000   10.000    0.000     -2      1     -1
 amsua_n16              11  -1    0.600    0.600    2.500   10.000    0.000     -2      1     -1
 amsua_n16              12  -1    1.000    1.000    3.500   10.000    0.000     -2      1     -1
 amsua_n16              13  -1    1.500    1.500    4.500   10.000    0.000     -2      1     -1
 amsua_n16              14  -1    2.000    2.000    4.500   10.000    0.000     -2      1     -1
 amsua_n16              15  -1    2.500   15.000    4.500   10.000    0.000     -2      1     -1
