 ompsnp_npp       1    1    0.100  0.100  0.020 10.000  0.000
 ompsnp_npp       2    1    0.158  0.100  0.020 10.000  0.000
 ompsnp_npp       3    1    0.251  0.100  0.025 10.000  0.000
 ompsnp_npp       4    1    0.398  0.200  0.040 10.000  0.000
 ompsnp_npp       5    1    0.631  0.500  0.080 10.000  0.000
 ompsnp_npp       6    1    1.000  1.000  0.156 10.000  0.000
 ompsnp_npp       7    1    1.580  1.000  0.245 10.000  0.000
 ompsnp_npp       8    1    2.510  1.282  0.510 10.000  0.000
 ompsnp_npp       9    1    3.980  2.051  1.089 10.000  0.000
 ompsnp_npp      10    1    6.310  2.641  3.917 10.000  0.000
 ompsnp_npp      11    1   10.000  3.590  6.124 10.000  0.000
 ompsnp_npp      12    1   15.800  5.052  6.347 10.000  0.000
 ompsnp_npp      13    1   25.100  6.273  5.798 10.000  0.000
 ompsnp_npp      14    1   39.800  7.000  6.843 10.000  0.000
 ompsnp_npp      15    1   63.100  6.940  9.253 10.000  0.000
 ompsnp_npp      16    1  100.000  5.752 10.091 10.000  0.000
 ompsnp_npp      17    1  158.000  4.422 10.967 10.000  0.000
 ompsnp_npp      18    1  251.000  4.000  8.478 10.000  0.000
 ompsnp_npp      19    1  398.000  3.000  5.572 10.000  0.000
 ompsnp_npp      20    1  631.000  3.000  2.638 10.000  0.000
 ompsnp_npp      21    1 1000.000  3.000  3.525 10.000  0.000
 ompsnp_npp      22   -1    0.000 12.000  7.236 10.000  0.000
